1945
40
21
44
11
54
26
83
88
11
20
76
49
22
72
76
92
65
12
31
32
73
48
38
70
51
26
23
62
83
68
85
87
100
66
79
26
32
59
59
36
72
36 2
26 4
22 7
5 8
5 11
10 12
31 13
22 15
25 16
1 18
6 19
38 6
17 21
30 22
17 24
25 27
23 25
17 29
36 17
1 30
9 1
26 9
36 26
40 31
20 33
32 35
36 32
3 36
23 38
28 23
14 39
37 14
34 37
3 34
10 3
5 10
28 5
20 28
20 40
17 26
40 13
26 29
7 30
37 39
2 17
34 10
9 18
36 34
19 38
16 27
10 37
9 17
8 28
34 39
34 26
14 34
23 27
24 2
36 24
5 23
26 1
37 12
36 35
19 23
10 36
30 15
8 20
34 4
34 12
28 25
36 9
17 35
16 23
33 40
5 12
28 40
12 8
7 15
17 1
5 34
5 25
12 3
6 23
10 14
28 16
28 12
39 10
12 11
28 27
8 34
26 18
29 9
17 18
33 28
15 1
1 7
23 8
13 28
9 34
13 20
17 34
9 10
8 25
9 15
22 1
34 28
36 29
21 24
34 18
29 34
2 21
8 10
17 32
20 31
8 13
5 16
6 5
11 34
5 38
14 12
12 39
28 31
5 27
8 40
21 36
9 4
24 9
6 8
37 5
8 38
21 9
9 2
31 33
11 37
31 8
14 3
35 34
34 21
6 28
9 30
9 7
14 5
10 11
40 5
29 21
6 40
13 33
37 8
17 4
34 24
30 26
5 19
19 8
8 16
3 5
16 34
30 18
9 35
13 6
5 39
22 9
1 34
8 14
39 8
34 32
19 28
7 26
34 2
11 14
33 8
11 8
36 12
28 38
1 4
16 6
18 4
35 10
22 26
9 3
39 3
6 33
2 35
30 17
6 31
36 39
14 36
16 38
25 6
14 9
19 16
38 25
5 33
6 27
9 12
3 37
7 17
3 8
39 9
3 35
22 17
28 3
6 20
3 17
5 31
37 28
3 32
15 17
26 15
25 31
29 18
29 4
25 33
5 9
8 27
4 36
21 35
20 5
29 2
16 31
27 34
31 38
10 17
38 33
3 2
28 14
39 11
11 3
25 20
28 11
35 24
10 32
24 3
2 4
31 23
31 19
10 28
23 33
2 10
9 37
34 23
2 26
2 12
36 37
21 3
23 20
16 12
34 25
27 38
30 4
28 39
28 9
23 40
10 16
13 5
10 27
10 24
23 10
29 1
18 22
21 10
29 30
9 8
7 18
4 22
16 39
2 39
29 35
39 35
27 31
10 25
16 14
21 39
33 27
12 21
32 9
9 16
15 18
10 6
31 10
25 40
13 23
28 36
37 16
25 9
24 29
26 21
7 4
19 25
3 16
13 25
8 36
7 29
2 32
28 21
16 11
3 29
2 1
24 26
4 21
20 27
27 40
38 20
26 3
32 24
21 1
31 34
34 30
12 35
40 38
38 10
20 10
17 12
2 30
4 15
14 21
31 9
7 34
18 2
9 23
19 10
34 22
27 19
28 35
10 33
31 12
14 35
2 7
2 14
13 38
11 9
34 38
8 21
21 7
19 34
7 36
36 16
32 21
34 15
20 19
39 17
27 13
24 39
23 12
35 26
4 24
29 10
19 9
12 19
36 5
16 21
15 2
21 37
3 31
19 33
40 19
19 3
20 16
29 15
1 36
14 19
14 31
32 39
12 32
27 9
22 29
29 39
10 40
36 19
34 6
22 2
31 36
39 19
17 14
16 33
39 26
14 32
10 13
28 2
2 16
36 11
8 2
37 2
15 21
24 12
11 2
29 12
21 18
39 31
2 5
10 26
26 12
24 14
24 1
36 15
14 26
8 35
1 12
36 23
8 26
23 3
12 4
10 4
13 19
9 6
15 24
36 18
30 21
37 35
26 32
11 31
24 8
3 4
22 21
6 36
15 12
22 36
26 28
8 17
5 21
12 6
9 38
34 20
38 36
8 29
37 31
2 31
12 7
36 30
30 12
24 30
12 18
12 22
14 23
35 16
14 29
7 24
5 35
33 34
35 31
23 39
30 10
2 19
14 4
24 18
16 26
5 26
16 24
20 9
10 15
24 22
10 22
36 27
4 39
3 30
7 10
40 34
37 26
6 3
3 15
9 33
11 35
33 36
40 16
13 16
26 11
7 3
16 29
22 3
28 29
17 16
35 4
14 6
25 36
21 11
6 39
2 23
25 14
30 14
8 4
37 29
3 25
31 21
14 7
11 29
32 29
14 22
19 11
7 39
14 38
7 8
40 9
4 32
35 7
13 34
40 36
22 8
4 16
11 23
20 36
38 3
16 32
14 33
30 8
12 38
19 21
13 9
28 17
14 20
7 16
16 22
5 29
1 3
17 11
24 28
14 27
3 20
16 30
2 6
15 16
39 30
23 21
36 13
32 8
38 39
15 8
39 20
8 1
3 33
1 16
7 32
14 40
27 3
30 32
7 28
12 20
12 27
10 1
18 8
1 14
17 5
40 3
39 1
31 26
15 14
19 35
28 4
18 3
5 7
12 25
26 19
37 19
18 14
4 5
4 11
14 13
3 13
32 1
26 23
37 23
4 37
6 26
1 35
16 18
38 26
32 28
15 32
11 6
6 21
37 6
5 24
37 38
10 18
20 37
4 31
38 21
25 39
26 20
37 25
39 15
39 18
12 33
33 39
35 15
39 22
32 18
15 28
32 5
21 20
30 35
19 4
12 13
17 37
23 35
39 13
29 19
31 29
22 32
24 11
25 26
26 13
27 39
35 18
20 2
11 20
26 27
5 15
32 11
13 37
17 31
7 11
25 21
21 13
17 19
29 23
19 7
15 11
32 19
40 12
11 30
11 38
19 15
27 21
37 27
11 18
4 23
22 35
18 28
31 15
18 5
33 37
29 20
32 31
19 24
37 15
18 19
11 13
23 17
31 18
25 11
35 20
26 33
27 11
6 29
38 2
40 37
6 35
23 15
26 40
2 27
4 20
35 38
39 40
15 20
11 33
29 38
18 23
20 17
2 25
4 38
37 18
29 25
7 31
24 31
17 38
2 13
27 29
37 7
29 13
37 32
24 37
24 23
23 32
20 18
11 40
30 28
24 20
22 11
31 30
6 17
2 40
11 1
31 22
38 18
25 17
40 21
15 38
17 13
35 25
6 15
4 6
35 13
28 22
4 25
40 29
17 27
29 33
40 17
33 21
1 28
38 24
