37876
1000
22
66
94
18
47
80
60
95
33
81
98
70
29
57
20
51
48
95
47
93
34
61
71
60
100
83
41
94
25
18
89
62
58
78
12
94
69
77
53
81
17
73
10
56
62
28
12
15
89
49
31
65
22
18
29
23
62
73
46
28
88
64
58
84
50
38
41
33
43
97
72
85
73
84
58
45
65
41
50
43
76
97
39
19
38
92
99
97
19
99
94
97
48
30
92
57
96
97
34
63
44
73
38
98
57
74
56
83
59
15
75
55
21
24
66
10
75
18
61
14
44
59
80
65
42
30
52
16
59
24
61
40
47
74
44
61
71
29
75
93
88
88
81
12
52
16
27
51
45
51
85
28
15
81
80
13
19
16
100
50
88
16
83
36
34
30
38
17
42
52
91
18
94
37
66
32
44
18
42
36
12
71
57
66
95
30
20
46
66
23
52
46
96
27
64
77
99
63
56
83
14
74
67
44
59
22
51
92
37
51
89
92
50
42
52
17
42
55
89
76
88
96
43
22
45
32
91
17
12
36
85
32
65
29
78
37
93
97
38
75
33
85
67
23
62
70
21
94
90
19
45
72
21
83
84
89
63
40
72
91
84
34
13
98
46
62
24
41
69
78
78
64
14
30
53
45
21
84
15
44
58
40
48
67
20
35
55
29
11
96
100
12
29
90
61
86
80
54
48
27
53
30
37
26
90
50
98
38
53
64
29
52
84
85
14
70
98
82
32
84
18
83
99
12
17
31
17
93
30
89
80
89
36
10
68
52
24
75
87
67
25
37
69
31
11
22
35
77
73
70
64
88
44
92
72
59
85
71
22
54
64
17
56
58
73
67
36
56
100
28
66
93
38
40
71
53
92
37
70
44
37
62
73
80
48
31
14
63
100
72
28
23
56
63
91
23
67
35
37
86
22
45
55
81
91
32
60
89
73
57
66
23
10
20
45
27
58
57
81
44
42
59
51
15
78
84
61
17
50
15
79
75
87
64
70
33
74
71
50
88
98
65
100
78
80
97
40
85
27
53
65
10
54
77
28
85
91
21
10
74
11
94
60
35
69
58
17
77
92
78
30
47
76
88
73
75
98
30
80
30
91
38
84
45
60
93
94
66
61
21
37
89
34
77
13
87
22
74
22
24
58
28
84
15
23
92
40
49
24
38
79
88
37
38
58
16
44
18
10
51
44
64
44
48
57
23
83
31
56
77
43
23
47
83
45
38
76
92
15
98
17
12
70
58
51
96
17
16
32
16
18
20
88
39
38
51
65
11
48
13
66
83
68
75
56
96
64
51
27
80
81
100
20
93
74
17
96
28
13
36
36
67
31
36
76
76
19
35
51
84
79
54
84
96
57
69
36
77
78
92
70
60
30
64
96
21
100
53
92
23
59
27
10
20
14
18
55
100
68
11
78
18
18
58
44
46
66
66
78
56
33
87
61
35
53
32
61
68
59
67
93
52
92
68
55
60
74
44
53
49
28
89
11
32
18
18
55
59
17
13
85
99
41
40
86
56
34
47
71
18
27
14
93
90
21
100
18
55
53
84
47
26
53
57
70
88
47
74
43
21
25
93
85
74
43
14
24
17
35
13
86
95
92
63
15
17
72
71
72
19
31
78
88
73
45
42
97
66
76
84
69
73
85
20
41
71
96
88
58
20
33
70
41
16
87
27
87
86
31
72
32
96
63
17
88
71
71
19
79
90
85
21
71
57
63
40
36
24
27
50
12
81
32
43
25
39
58
78
96
25
36
95
18
12
16
28
48
89
92
83
24
65
38
39
36
97
56
63
72
82
94
82
12
18
40
71
28
83
40
67
33
50
30
85
13
91
50
98
61
53
31
43
29
100
20
46
88
36
26
50
94
35
38
24
39
86
17
99
95
13
88
59
49
44
20
94
44
67
22
57
83
12
98
17
24
25
10
17
36
94
37
17
19
49
80
82
67
56
44
11
69
19
97
25
76
73
21
51
74
71
39
13
66
58
85
100
73
60
60
24
77
51
57
59
79
29
88
51
29
32
20
50
99
75
51
95
34
24
43
88
82
35
31
76
12
11
95
53
81
100
54
24
20
55
85
47
93
60
32
67
21
74
95
11
22
62
20
53
37
93
81
58
40
78
99
93
19
39
61
10
58
11
55
95
80
40
19
59
57
41
60
79
25
31
92
42
48
20
81
73
82
47
47
51
33
82
31
54
66
19
100
57
22
91
66
85
18
95
100
84
22
74
63
74
50
54
14
45
34
93
92
28
56
78
55
56
29
35
55
19
17 4
508 5
516 6
281 9
687 10
744 12
515 14
788 15
394 18
901 19
439 21
494 22
616 23
249 25
16 26
622 27
195 29
977 30
493 31
265 32
769 33
279 35
291 39
238 42
888 44
971 45
906 46
860 50
779 55
233 60
764 61
658 65
341 67
995 68
779 71
881 73
99 77
113 78
373 82
706 84
162 85
383 87
660 89
254 94
91 96
900 101
321 112
611 114
941 115
957 116
409 119
135 122
206 123
283 124
521 131
719 132
148 133
712 134
52 139
550 52
937 144
265 146
977 149
981 154
460 155
111 157
72 161
815 164
8 165
621 167
448 168
841 170
822 173
576 175
439 177
342 180
776 186
236 189
366 194
476 197
492 198
365 199
270 201
962 207
907 210
255 213
447 219
939 222
560 225
833 227
250 229
790 230
426 231
432 236
377 240
601 242
682 244
612 249
97 252
917 97
218 253
1 255
440 1
570 256
162 258
452 259
304 263
342 264
722 266
329 267
367 274
549 276
430 280
823 283
903 286
315 290
646 292
57 294
790 57
863 295
261 296
208 261
182 297
780 182
184 298
491 184
940 299
807 300
36 301
388 303
974 307
211 308
83 310
135 314
40 315
538 317
770 318
326 319
746 321
983 324
20 327
506 328
185 330
361 332
216 334
288 216
774 336
861 337
888 341
419 342
143 343
526 143
880 344
605 345
743 346
692 347
627 348
903 349
472 352
162 353
561 162
625 355
526 362
48 363
934 48
474 370
200 371
894 374
354 378
805 379
539 380
446 384
922 386
745 387
989 388
522 392
886 396
779 400
774 401
757 403
444 404
99 406
196 408
836 409
125 410
920 411
234 412
482 413
351 415
110 418
583 420
364 421
172 425
890 426
152 427
579 152
696 428
936 430
72 431
390 72
589 432
817 435
212 437
457 212
271 438
936 271
66 440
93 444
204 93
304 204
672 304
593 445
688 450
366 451
914 366
738 452
838 454
484 455
183 457
491 183
241 462
171 464
861 171
92 466
669 92
397 467
684 397
217 470
879 217
203 471
820 203
51 473
722 475
577 476
333 479
130 480
832 481
652 483
47 487
75 494
872 495
309 497
782 498
417 501
684 417
950 502
105 510
113 513
797 113
218 514
24 515
302 24
508 302
796 517
523 518
516 519
107 520
209 522
754 209
890 524
699 528
381 529
631 530
80 531
579 532
814 534
376 535
13 376
525 536
610 525
313 540
710 313
739 541
81 542
699 81
876 545
974 550
187 552
718 555
706 556
755 559
34 561
247 34
743 247
354 563
565 564
86 565
859 86
769 567
365 568
778 572
863 573
773 574
713 575
523 578
794 523
900 579
278 583
815 278
858 584
616 585
465 587
581 589
281 590
129 281
489 591
179 596
322 179
946 597
333 601
904 604
228 610
127 611
718 127
277 612
748 613
357 615
836 617
187 618
364 620
553 364
367 621
670 623
926 624
109 625
148 109
422 148
608 626
499 608
755 499
111 627
877 629
178 630
49 178
156 631
196 156
37 196
894 37
594 633
305 594
543 305
447 634
894 636
784 637
200 639
442 642
703 643
323 644
606 646
367 647
192 367
474 649
63 652
142 655
125 656
882 657
195 659
599 195
581 599
492 581
686 492
468 660
753 468
586 661
682 586
577 663
456 664
461 668
382 461
635 382
383 669
609 383
760 670
488 671
666 488
172 666
129 672
289 129
715 678
228 679
126 680
806 126
675 681
874 675
405 685
560 405
128 560
239 686
185 239
373 185
485 689
193 695
716 193
7 696
17 7
62 699
648 62
66 702
142 66
243 142
478 708
904 709
393 711
862 713
493 715
53 493
906 53
761 716
753 717
936 718
282 719
326 282
98 326
622 98
151 622
153 151
208 153
865 208
516 720
758 516
166 724
251 166
882 725
489 727
895 728
676 730
576 733
446 576
200 446
70 200
205 734
653 735
603 653
28 603
558 737
927 558
778 738
104 743
424 744
47 424
897 745
801 747
705 749
399 705
582 399
674 582
459 750
293 753
729 293
140 754
553 140
958 553
792 755
64 757
17 64
43 758
233 43
692 233
918 760
458 761
76 458
712 76
997 764
903 765
238 767
858 771
125 772
226 125
159 773
13 159
136 774
921 775
372 776
831 777
703 778
491 703
554 779
731 781
141 731
684 141
373 684
930 783
547 784
416 787
593 416
707 788
507 789
632 507
354 632
245 791
882 793
969 796
975 797
456 800
453 801
496 803
768 496
580 768
456 580
503 456
275 503
375 805
472 375
562 472
740 562
393 806
357 393
880 807
932 808
423 811
423 812
41 813
729 814
569 729
897 815
746 816
316 746
957 817
972 819
665 820
792 665
36 792
763 36
176 821
107 176
769 822
272 823
654 272
1000 654
825 826
160 827
474 160
912 474
486 829
917 830
395 832
469 395
478 469
616 478
512 836
331 837
100 331
592 841
486 592
442 486
80 843
722 80
191 845
381 191
372 846
83 372
566 83
137 566
391 137
407 391
443 847
790 443
645 848
241 849
645 241
840 850
881 854
463 856
99 463
257 857
150 859
896 150
285 860
104 861
312 863
3 864
459 3
17 459
539 17
721 865
108 721
919 866
214 867
645 214
389 645
698 389
56 698
941 869
145 871
798 873
640 874
969 876
965 879
939 881
602 883
322 886
712 322
188 712
976 888
526 889
751 890
614 892
602 893
571 602
291 571
635 291
147 894
245 895
169 245
158 169
965 158
228 896
852 897
598 852
284 598
842 284
619 898
434 619
246 434
59 246
835 899
839 835
538 900
839 902
707 839
121 707
538 904
339 538
882 339
521 882
482 521
759 482
548 759
964 548
120 905
188 120
935 188
609 906
739 907
75 739
442 75
688 442
751 908
697 751
63 911
257 63
824 913
697 915
257 916
11 257
770 917
224 918
975 224
526 921
975 526
289 923
360 924
357 360
570 925
638 570
937 638
909 926
361 927
243 361
802 928
804 929
102 804
477 102
390 477
984 390
802 931
329 802
265 932
40 265
338 40
59 338
912 59
628 912
88 628
505 88
250 505
407 250
49 407
422 49
13 933
312 13
99 312
484 99
967 484
740 937
688 740
557 688
667 557
543 667
243 939
878 243
547 878
539 940
54 539
862 54
511 862
106 942
551 106
870 551
202 870
190 202
533 190
506 943
980 506
842 944
600 842
809 600
763 945
810 763
279 946
936 279
872 947
69 872
145 69
887 145
56 887
429 56
288 948
95 949
381 95
511 950
359 952
228 953
741 228
868 954
285 955
359 956
285 359
641 285
692 641
614 957
732 614
512 732
741 958
687 741
692 687
107 692
903 107
588 903
840 588
691 840
423 959
648 423
174 648
118 174
794 960
673 794
269 673
884 269
311 961
369 311
232 369
433 962
439 433
726 963
287 726
919 287
858 919
121 858
658 121
117 964
226 117
223 226
288 223
674 288
934 674
351 965
635 351
135 966
978 135
951 967
453 951
20 968
682 20
818 682
595 818
8 595
742 8
385 742
828 385
930 828
723 930
333 723
273 333
206 273
795 206
809 795
108 809
377 108
172 970
512 172
683 512
635 683
851 635
373 851
704 971
16 704
676 16
192 676
884 192
100 972
662 100
996 662
977 973
790 974
28 790
831 28
780 831
884 780
701 884
880 977
138 880
221 978
833 221
104 979
824 104
128 824
834 980
235 834
909 235
543 981
402 543
934 982
448 934
325 984
554 325
694 554
490 694
90 490
79 90
701 985
549 701
762 549
609 762
844 609
920 844
577 920
798 577
910 798
91 910
941 91
533 941
975 533
422 975
736 422
358 736
935 358
138 935
875 138
509 875
825 986
909 987
969 909
853 969
309 853
936 309
651 936
356 989
147 356
220 147
997 220
938 990
70 938
690 70
511 991
868 511
103 868
187 103
262 187
640 262
491 640
232 491
465 232
340 992
693 340
234 693
838 234
651 838
275 651
607 275
770 607
504 770
988 504
47 988
544 47
691 544
885 691
825 885
58 825
650 58
546 650
922 993
606 922
983 994
316 995
2 316
537 2
128 537
700 128
41 700
489 996
439 489
111 439
251 111
350 251
500 350
368 500
616 368
218 616
714 218
606 714
323 606
460 323
782 460
211 782
690 211
509 690
546 509
453 546
118 453
414 118
398 414
855 398
238 855
277 238
605 277
810 605
833 810
722 833
357 722
270 357
748 270
547 748
329 547
785 329
237 785
706 237
79 706
799 79
658 997
320 658
205 320
373 205
130 373
569 130
110 569
335 110
365 335
394 365
254 394
508 254
508 998
51 508
891 51
136 891
163 136
377 163
677 377
999 677
289 999
436 289
419 436
402 419
41 402
74 41
306 74
799 306
105 799
38 105
215 38
447 215
485 447
914 485
710 914
260 710
429 260
983 429
354 983
976 354
181 976
527 181
786 527
448 786
769 448
766 769
268 766
465 268
441 465
11 441
381 11
248 381
593 248
901 593
449 901
756 449
697 756
752 697
877 752
877 1000
423 174
712 935
769 268
743 34
964 226
268 232
513 78
697 449
289 677
985 549
456 768
401 136
592 170
842 809
742 595
967 99
365 110
358 712
350 111
716 695
894 196
444 204
603 735
934 363
957 435
769 173
22 75
529 191
885 544
650 509
670 918
453 967
452 778
560 685
696 17
614 512
828 723
909 876
39 571
220 356
34 162
193 761
650 825
792 820
551 202
379 375
312 933
630 49
712 736
518 578
100 837
379 472
996 100
118 423
654 877
105 306
554 490
355 109
583 815
888 67
156 530
659 29
824 979
812 811
759 964
549 609
596 322
584 919
806 680
809 377
308 690
296 208
848 214
900 317
598 897
577 910
590 9
388 356
40 290
829 592
203 792
595 682
85 258
98 282
719 326
447 38
91 869
456 275
869 96
383 92
226 759
593 381
363 448
141 781
444 304
265 315
232 311
122 966
925 256
21 489
25 612
714 514
357 201
890 231
336 136
469 832
368 350
136 377
831 603
195 581
674 399
791 169
243 547
551 942
154 543
504 47
635 965
327 682
335 568
759 413
185 686
223 948
859 565
793 725
309 969
511 502
690 938
825 691
134 76
816 321
104 913
64 4
747 453
370 160
877 697
99 453
187 640
272 1000
665 203
541 75
965 415
327 968
121 839
381 949
405 128
499 626
54 511
568 199
137 83
251 724
629 697
684 467
243 66
295 573
433 207
109 133
804 477
118 398
933 863
188 905
111 21
614 435
338 265
243 222
692 285
399 288
786 181
764 220
381 441
862 575
179 886
364 958
129 304
169 895
71 400
318 917
61 997
461 635
710 429
419 289
390 431
340 234
302 5
834 909
811 959
215 105
520 903
547 613
391 250
579 427
321 316
794 269
179 712
504 318
836 119
790 294
440 702
355 133
457 491
618 640
547 270
823 124
182 831
685 225
863 13
688 642
264 419
600 377
846 83
59 434
20 595
651 607
744 47
429 914
41 128
206 809
143 889
589 236
831 884
332 927
482 882
941 96
728 169
265 808
390 804
903 840
599 589
606 292
269 831
515 302
623 760
697 901
42 855
780 297
963 287
644 606
572 452
803 768
68 316
969 517
898 434
526 224
610 679
688 486
288 334
682 968
861 464
263 129
221 135
285 50
969 936
574 159
809 677
418 335
186 372
389 56
172 683
252 917
44 67
711 806
603 790
944 809
30 973
521 793
69 887
956 285
206 333
891 163
922 323
974 52
288 705
692 520
208 721
545 909
72 804
619 59
753 729
542 699
340 838
894 356
975 113
233 758
367 167
180 264
632 789
36 945
558 361
518 794
289 672
228 150
470 879
543 594
642 557
180 419
781 684
856 99
338 146
19 593
127 114
702 243
300 880
920 609
658 707
62 423
59 628
840 544
983 632
877 756
821 107
194 451
16 730
192 780
664 580
593 787
282 319
213 1
784 748
810 36
614 116
790 847
39 602
692 956
987 834
996 972
279 969
421 620
601 723
665 471
622 153
143 362
898 59
755 626
691 588
366 710
8 385
338 619
838 275
910 96
403 64
111 348
405 225
733 175
399 934
118 648
626 792
491 369
314 978
853 876
857 916
443 28
250 137
36 755
354 181
987 545
352 562
401 336
172 488
505 628
431 161
229 407
24 14
740 638
722 360
11 916
474 628
196 636
115 91
440 243
770 651
405 700
118 959
967 856
732 435
483 63
740 144
169 965
805 472
448 48
668 382
104 346
873 910
605 238
43 692
69 56
667 981
859 228
79 237
635 668
577 873
489 433
661 682
316 112
965 217
642 450
936 438
910 941
870 190
618 491
466 669
944 206
39 893
177 21
968 595
851 185
811 118
612 605
370 912
140 958
569 365
111 177
38 219
538 604
293 468
159 933
933 573
941 190
723 242
522 754
189 432
771 919
569 480
865 296
358 188
777 780
895 791
354 789
515 508
909 624
306 41
692 758
308 782
110 568
783 723
900 339
241 214
903 691
743 824
686 373
625 133
234 992
992 693
127 555
204 129
839 658
793 482
792 471
4 403
809 289
967 455
95 441
86 150
602 291
788 121
876 517
601 206
716 458
976 67
114 718
865 261
846 186
750 3
722 924
595 327
228 958
708 469
919 963
900 532
313 914
33 448
553 754
58 885
276 609
939 73
565 150
176 692
672 436
685 128
409 617
699 648
190 551
546 875
358 138
189 589
508 24
257 652
268 369
955 956
690 650
133 422
715 53
845 529
535 13
200 938
614 683
210 739
299 539
212 183
324 429
238 810
1000 629
320 707
731 684
356 997
417 397
600 136
500 111
76 322
492 373
575 54
92 609
19 697
302 14
272 124
605 25
79 785
828 783
357 806
71 55
576 384
746 112
389 214
403 17
280 936
996 331
136 51
658 205
318 607
553 620
838 607
17 428
855 414
742 828
165 385
569 293
677 672
320 373
448 268
121 15
220 894
927 243
652 11
549 884
352 740
729 468
562 375
448 181
230 28
224 760
984 554
706 90
187 491
122 314
867 645
389 241
996 819
275 800
721 377
883 893
69 389
58 690
123 809
882 900
773 13
211 938
421 553
945 301
659 599
319 719
622 282
150 564
247 824
528 542
931 928
719 98
373 198
501 684
371 938
520 349
309 876
89 468
688 667
388 220
617 512
222 878
985 884
982 448
829 170
981 557
50 692
369 703
278 420
70 639
180 402
718 611
90 554
439 207
414 238
29 599
223 334
710 194
793 413
139 550
537 316
443 603
249 605
386 993
408 37
763 755
491 298
197 577
522 140
390 554
913 979
506 834
284 852
242 828
482 226
949 441
846 776
145 56
728 245
320 684
293 110
204 263
997 205
474 505
318 988
299 380
227 810
662 331
446 733
200 690
597 279
501 397
106 190
959 812
525 228
237 799
534 729
899 839
131 482
384 200
458 322
47 840
503 838
741 525
732 683
844 577
955 359
254 24
632 976
362 889
742 327
708 616
474 827
830 318
316 816
569 373
453 484
815 852
389 145
997 320
334 948
603 847
300 344
758 60
83 250
493 678
897 284
976 789
947 69
231 524
4 757
307 550
8 828
587 232
549 844
859 564
356 303
958 525
541 442
540 710
36 238
466 383
166 350
76 179
254 18
464 104
31 53
644 922
533 870
463 312
144 688
919 726
381 19
587 268
514 606
757 17
198 686
638 144
729 110
898 246
591 21
537 824
477 984
483 257
625 148
278 852
829 442
652 381
520 588
312 573
673 884
858 707
874 681
715 906
131 793
758 519
318 651
463 967
592 442
551 533
170 486
341 976
306 510
86 564
991 950
909 853
190 942
759 117
869 115
926 235
482 117
616 514
890 908
632 181
39 883
619 246
577 411
85 561
788 839
674 363
503 768
389 867
389 887
913 743
842 377
882 538
318 47
629 751
3 17
75 486
534 468
821 692
345 612
391 229
115 96
1 702
1 66
935 736
533 202
264 402
947 389
237 90
272 877
492 195
206 723
492 599
249 345
965 470
908 697
357 680
700 560
253 714
316 824
300 977
635 415
609 715
789 983
525 687
747 967
195 373
831 790
647 274
247 913
47 770
914 540
392 754
834 943
579 339
256 638
634 219
561 247
725 482
701 831
521 725
449 877
331 489
389 462
704 45
940 54
691 286
714 616
615 360
388 894
745 284
936 946
282 151
129 444
280 946
861 979
642 740
307 790
712 596
525 10
884 603
345 277
755 608
519 233
984 90
815 420
508 891
187 868
861 824
673 960
422 625
155 782
314 966
395 708
136 473
492 589
297 831
388 997
789 888
533 96
986 650
710 451
139 974
38 634
136 508
791 728
355 148
457 437
350 724
342 402
380 940
209 392
98 319
650 875
17 864
650 453
924 475
500 177
425 488
981 688
93 129
732 635
253 514
52 307
321 995
525 896
623 918
647 167
654 629
206 242
508 163
75 210
918 975
187 369
579 882
208 108
528 81
978 833
41 824
117 125
169 217
196 631
137 407
824 700
335 199
715 46
102 390
219 215
423 699
794 578
546 138
734 658
141 501
588 286
753 569
128 74
166 111
486 841
478 395
447 105
373 480
856 484
238 763
951 747
384 733
414 810
999 672
271 430
511 575
144 570
801 967
975 78
83 391
503 496
643 369
799 90
608 792
827 370
558 243
809 284
799 785
922 460
91 577
770 97
76 886
748 201
216 223
220 61
793 339
254 365
477 72
315 32
989 894
514 292
745 852
761 322
173 448
190 96
387 897
312 295
827 912
995 816
737 361
426 524
135 833
82 130
702 213
384 175
512 409
526 775
136 809
776 83
712 120
740 472
698 429
975 889
33 786
357 711
722 393
363 399
320 417
326 622
336 473
761 695
931 329
210 494
339 521
952 956
724 111
671 172
742 165
408 894
406 967
984 799
597 35
248 191
58 691
46 609
891 473
852 809
211 509
183 437
216 399
169 470
533 106
793 759
22 210
246 338
695 458
814 468
114 555
53 46
607 234
447 914
509 138
333 242
992 838
443 974
439 591
394 24
876 936
98 151
357 126
343 526
858 658
692 359
221 314
389 872
623 224
339 317
728 158
43 519
675 640
155 323
131 725
448 674
125 482
601 123
604 317
185 492
753 534
453 174
927 547
284 377
399 448
606 218
750 17
369 465
536 958
543 633
34 824
678 53
640 183
242 742
900 604
642 352
422 178
880 149
339 604
254 335
914 194
802 785
329 237
939 878
690 782
16 192
849 389
113 526
792 499
599 236
938 509
295 933
746 824
977 807
628 246
986 826
733 200
931 785
138 736
943 328
538 579
647 621
518 673
301 763
659 581
874 187
717 729
447 313
731 501
19 11
758 720
525 953
424 12
36 767
329 878
737 243
806 722
130 110
315 338
368 111
844 92
876 796
331 439
567 448
790 550
208 622
799 329
778 643
736 546
165 595
72 102
247 104
665 499
857 11
153 98
917 504
254 110
626 665
939 854
834 328
940 511
530 196
81 648
484 77
838 693
238 612
388 147
474 59
960 518
250 372
965 382
723 742
85 34
748 637
106 202
121 584
884 794
117 656
644 218
448 527
691 520
787 445
449 19
531 843
363 181
55 400
53 609
76 596
824 74
648 528
206 842
77 967
685 700
586 327
332 558
128 306
432 599
397 320
28 974
13 574
812 118
502 991
422 109
244 661
478 832
943 980
639 938
809 999
118 855
11 949
914 451
209 140
878 802
305 633
402 633
464 824
190 869
250 88
856 312
656 226
856 573
924 266
650 885
312 159
283 272
285 107
491 465
389 429
354 888
504 607
373 635
284 240
894 997
107 349
93 304
763 414
209 553
275 318
900 904
400 554
650 826
952 285
118 62
692 860
823 1000
317 882
773 535
117 548
730 192
496 456
495 389
381 445
985 762
546 935
899 707
616 606
939 547
630 422
995 746
481 469
118 699
415 217
477 431
152 339
646 514
927 737
928 329
402 813
753 814
419 672
664 768
884 762
975 106
312 773
736 875
282 27
995 112
388 205
398 238
408 530
645 849
741 553
56 914
320 467
319 622
205 195
947 56
635 130
981 642
144 256
975 513
725 413
495 69
402 672
454 275
144 925
774 473
239 492
505 649
920 906
628 250
901 915
121 919
823 877
886 596
945 810
322 120
607 503
853 936
525 150
679 525
604 709
672 633
742 206
303 989
649 628
652 911
732 957
28 847
816 824
886 712
834 545
136 842
672 263
878 785
637 547
365 24
450 557
843 722
635 614
683 836
609 884
856 406
373 581
146 808
586 968
547 558
493 609
965 668
106 513
664 503
544 424
152 882
525 553
359 860
892 635
282 153
674 48
373 892
822 448
70 384
911 483
187 511
732 817
583 852
77 856
632 888
52 790
325 390
499 203
238 345
212 491
356 61
458 886
47 12
607 992
258 34
772 656
458 712
174 967
960 269
503 580
609 577
357 748
772 226
179 458
599 189
537 74
549 577
229 137
5 24
135 810
903 692
796 936
54 17
992 503
269 780
377 208
407 83
287 121
908 629
249 238
318 97
243 270
838 456
709 900
26 704
385 723
999 419
344 807
56 214
547 201
980 328
628 898
542 648
621 274
968 818
640 681
923 672
902 899
689 447
501 781
501 320
141 320
608 665
651 796
846 250
979 464
369 587
828 165
845 381
963 121
884 960
913 346
755 665
983 888
211 650
544 850
90 84
616 395
371 690
547 267
321 824
840 318
806 833
1 243
268 168
85 247
852 420
910 115
243 854
247 346
102 431
480 110
689 914
28 653
542 118
716 322
549 920
452 643
868 54
927 939
711 270
782 323
19 915
333 123
673 780
230 974
28 57
30 807
414 36
646 218
446 70
369 961
803 456
293 814
399 749
879 169
958 953
105 128
673 192
288 749
219 105
373 467
856 295
130 293
317 904
873 91
785 90
720 519
473 401
702 255
294 28
21 500
106 113
642 472
716 76
829 688
635 602
579 793
858 839
690 825
667 642
690 986
549 92
213 66
789 341
680 722
780 603
30 300
671 425
831 294
839 15
222 547
543 557
911 257
756 629
833 314
707 835
480 365
50 233
509 880
2 824
709 101
555 611
266 843
546 174
553 522
669 609
227 135
557 740
505 59
472 557
59 265
606 993
597 936
976 507
375 352
50 347
351 668
458 193
27 319
304 404
898 505
384 639
218 292
609 466
855 763
320 781
856 453
392 140
192 621
603 777
481 478
851 130
984 431
810 277
335 24
216 948
869 910
495 947
254 418
456 607
330 492
397 373
504 97
333 809
233 347
554 71
425 666
274 167
109 178
28 884
176 285
905 712
827 628
554 55
623 975
465 381
802 547
946 35
32 338
931 878
567 822
489 100
5 891
572 259
638 688
554 431
908 426
721 261
925 638
11 95
443 307
76 396
35 936
953 741
643 572
228 86
722 227
125 759
607 454
258 561
908 877
708 832
450 740
399 181
880 30
226 548
688 592
482 964
377 865
453 455
985 831
319 151
138 422
672 809
866 121
280 271
525 859
846 137
54 502
954 187
182 603
494 739
932 146
151 27
509 200
427 339
25 345
816 112
290 265
629 272
129 590
225 700
836 614
135 722
6 519
719 622
732 172
362 343
66 255
569 335
468 569
176 50
992 456
23 606
570 688
255 440
243 255
799 706
443 52
595 586
563 983
338 898
175 446
815 284
885 690
24 891
4 459
11 911
245 158
806 135
336 891
616 832
308 155
978 810
699 174
410 772
508 473
59 315
158 217
114 936
940 575
874 868
596 458
373 614
379 352
532 538
738 572
315 619
85 353
708 481
909 943
650 691
606 460
617 119
371 70
888 181
644 292
472 450
917 47
75 592
716 886
773 933
205 707
786 769
226 410
459 757
782 922
214 145
607 693
46 920
449 593
933 856
609 31
357 547
822 786
756 19
272 697
317 709
154 667
377 289
239 373
675 187
239 851
639 690
593 11
12 544
933 574
531 722
363 527
737 547
809 240
946 430
117 772
77 463
247 979
613 357
556 79
243 329
851 686
584 287
741 536
439 500
312 535
239 198
268 822
540 366
63 11
975 760
889 775
251 500
660 753
64 459
669 549
858 320
435 116
138 712
584 707
318 838
604 882
214 887
268 491
531 266
787 381
968 661
485 634
837 489
739 22
437 491
233 285
727 433
647 192
605 414
57 831
689 313
454 651
830 47
734 997
413 521
543 672
612 810
721 296
406 77
818 586
381 257
834 926
952 692
991 54
651 876
292 323
337 824
973 807
91 190
616 350
743 979
443 550
260 324
131 882
341 44
93 404
178 148
809 721
731 320
219 485
398 62
356 764
894 303
325 431
848 389
577 96
428 7
497 969
595 828
312 967
186 83
171 979
387 284
673 730
268 567
853 796
391 846
146 40
624 235
404 129
687 958
866 584
630 736
968 244
56 495
258 353
457 184
768 838
984 237
280 279
252 318
54 713
359 50
635 512
332 243
854 73
393 135
674 982
640 457
164 284
524 908
503 234
620 958
366 313
716 712
901 381
296 377
774 891
967 118
273 601
40 932
404 204
325 477
470 158
688 925
242 385
54 950
9 129
206 385
741 692
253 616
315 898
908 231
45 26
181 789
745 598
543 688
708 606
595 385
139 307
442 739
509 300
831 549
482 548
717 814
530 894
991 862
398 763
803 503
573 13
252 770
344 30
871 887
630 407
825 211
562 379
155 922
980 909
495 887
72 984
447 799
812 648
526 106
526 513
242 783
46 493
517 853
268 173
361 1
995 824
972 331
228 687
450 981
835 858
979 746
723 479
906 493
550 28
606 253
632 448
861 743
609 985
311 465
340 607
670 224
215 634
935 875
961 232
610 859
503 693
412 838
402 74
166 500
835 902
799 556
250 59
312 77
909 309
41 264
714 292
554 477
139 790
630 109
922 498
714 644
502 862
793 152
463 406
116 732
309 545
964 125
528 118
924 843
278 897
319 153
987 235
149 30
535 933
287 866
877 283
44 976
381 449
406 484
849 462
39 635
632 363
205 397
976 378
116 817
228 10
465 961
377 508
259 738
219 799
740 375
872 56
824 112
238 945
158 879
848 241
581 236
999 436
510 799
632 399
59 649
500 724
490 984
995 537
546 211
868 950
542 62
568 569
960 780
808 40
250 776
214 69
996 837
311 587
756 272
533 869
362 775
379 740
496 580
497 909
863 856
458 134
243 881
154 688
725 339
154 557
658 397
491 822
496 838
153 721
384 938
889 921
905 935
818 327
360 843
62 414
687 553
526 918
610 687
603 297
166 439
422 760
737 332
1 927
975 138
793 427
300 149
789 44
716 120
310 566
320 734
407 178
77 933
537 321
875 422
673 578
855 810
661 818
932 338
780 28
543 642
557 442
746 537
267 878
263 93
119 512
549 780
988 917
242 479
580 838
663 910
349 588
93 672
810 301
764 388
94 418
6 758
982 399
260 914
133 178
975 670
554 72
421 958
507 181
208 809
881 878
176 520
731 417
870 106
79 329
2 746
3 4
879 728
598 809
178 625
844 906
117 223
577 92
118 763
614 409
412 503
934 582
263 404
243 655
889 224
809 436
174 812
252 504
24 18
243 213
692 553
37 530
861 247
44 181
128 225
410 117
558 939
381 416
743 561
494 907
546 358
679 687
825 544
204 672
61 388
431 804
564 228
787 19
656 223
110 373
187 681
929 102
41 105
80 266
877 124
384 690
172 614
944 600
670 526
192 274
194 540
780 794
753 89
547 931
83 229
31 906
909 936
678 46
439 251
219 689
437 184
929 72
415 470
441 587
513 918
285 520
92 985
351 217
637 270
118 238
688 472
279 430
227 945
186 250
632 994
442 667
690 826
622 132
282 208
558 878
975 362
710 447
439 962
503 340
211 826
635 217
358 905
634 689
511 713
703 452
142 213
106 869
21 251
187 232
770 796
390 779
984 694
236 492
777 297
852 164
194 313
390 55
971 26
935 422
688 937
676 673
362 921
831 673
377 891
979 816
158 415
897 420
670 889
418 365
716 134
849 848
587 381
365 130
112 537
224 513
887 872
417 373
317 101
82 480
243 637
270 784
333 385
906 678
108 865
797 106
130 185
318 796
200 175
865 809
527 632
876 987
116 512
67 789
412 340
977 344
979 346
943 545
765 692
431 490
482 410
627 724
46 844
851 492
318 503
370 628
370 59
225 824
975 143
465 949
860 952
844 985
629 449
378 632
233 176
489 500
528 62
673 523
803 838
208 284
728 217
643 738
302 891
144 450
840 286
564 525
786 363
894 631
809 296
440 361
280 438
233 516
388 658
3 757
640 868
79 878
206 479
785 706
219 914
28 735
352 557
562 557
356 37
561 353
956 860
661 595
180 672
416 445
228 565
381 857
900 793
59 88
499 820
365 508
969 651
70 733
70 175
145 698
509 384
188 322
220 205
430 969
184 183
634 914
141 417
617 614
94 365
49 229
914 215
878 237
702 361
211 200
769 527
363 982
946 271
46 31
744 544
609 411
406 453
36 855
650 138
586 20
755 238
969 946
882 427
419 809
600 508
519 692
878 854
579 317
59 827
173 786
650 935
796 309
255 142
180 41
150 610
631 37
369 778
187 268
609 678
510 79
496 664
699 398
947 887
24 418
877 19
442 210
928 785
41 225
243 784
19 652
921 143
97 47
422 355
191 593
657 538
344 149
475 843
412 607
100 439
817 614
814 660
16 45
27 153
306 219
90 329
840 825
377 51
559 499
951 801
142 702
238 25
955 860
692 516
886 134
611 936
924 80
211 885
339 532
16 971
906 549
871 214
567 491
410 759
723 165
979 337
859 679
909 506
300 973
518 884
616 500
185 198
950 187
391 566
123 944
719 153
400 390
359 641
618 874
893 635
289 402
730 884
344 509
944 333
842 508
242 930
516 60
9 404
69 645
918 889
630 148
247 162
470 351
525 86
164 897
223 772
283 1000
31 844
342 41
784 222
876 770
3 64
957 512
160 912
853 651
937 570
79 105
412 693
5 163
830 504
697 381
616 111
950 954
573 535
124 1000
482 772
864 4
378 789
995 128
641 50
49 109
651 504
66 655
157 177
606 782
895 158
395 606
918 106
486 667
560 41
47 691
205 356
614 671
517 651
899 858
258 247
447 540
631 408
386 606
891 401
613 201
4 750
606 478
776 88
19 416
553 392
598 842
969 280
160 59
488 614
755 855
628 338
136 284
789 429
47 850
546 880
442 543
372 391
833 966
190 910
470 635
19 752
465 95
569 199
816 537
467 417
508 394
724 439
895 217
723 123
367 16
333 795
439 350
136 5
164 745
35 280
992 275
493 844
762 831
544 58
809 745
662 837
508 14
292 616
452 369
982 48
150 679
366 447
471 820
958 10
491 262
504 796
128 816
447 194
356 530
419 41
305 672
220 37
680 360
903 285
548 125
834 624
649 827
958 392
114 909
642 144
512 671
369 572
70 576
149 807
862 950
155 606
106 941
671 666
441 857
880 650
439 996
449 11
613 270
702 655
658 373
712 396
669 87
393 680
287 858
387 164
445 19
914 324
545 506
672 377
192 831
602 851
533 513
121 835
263 444
945 833
381 63
399 527
980 545
16 647
619 628
248 529
825 47
90 556
615 680
610 741
914 38
936 127
277 249
429 145
398 542
547 332
491 643
548 410
95 587
629 823
672 404
173 766
315 146
800 992
137 310
793 125
679 86
983 914
435 512
156 37
500 157
68 824
544 650
103 640
380 54
656 482
485 38
713 940
332 939
810 722
273 123
627 251
939 784
74 342
935 975
202 869
11 465
495 145
856 951
441 369
750 757
49 83
793 538
132 326
984 79
483 11
577 190
939 737
16 673
217 245
191 449
810 221
412 992
843 357
921 975
560 824
78 526
546 712
338 434
286 520
405 824
987 926
849 214
833 301
811 648
937 642
509 149
975 875
378 181
29 581
468 717
377 944
304 9
347 516
74 700
6 720
275 504
965 461
808 338
118 42
534 660
868 618
7 864
588 107
706 329
139 443
259 643
630 935
1000 756
591 500
670 921
703 572
642 562
158 351
683 957
19 629
937 925
800 838
723 8
974 847
714 478
249 810
251 177
491 769
672 444
936 497
486 642
313 451
24 94
694 431
955 692
50 553
844 53
7 3
34 353
716 188
292 585
630 83
298 437
275 770
107 50
130 729
274 16
49 148
781 417
544 690
648 959
399 48
370 649
982 288
466 87
809 508
961 587
42 414
204 289
724 616
722 945
616 251
728 965
979 321
737 878
505 776
189 581
965 895
862 940
397 141
376 773
169 351
335 508
908 756
399 223
893 217
302 163
900 521
184 640
610 896
997 303
181 983
598 164
443 831
946 309
714 368
610 958
577 906
484 951
828 206
18 508
154 402
158 635
828 327
296 108
491 874
329 984
674 749
134 396
370 505
871 69
967 648
730 26
54 299
51 401
958 679
447 260
197 844
857 949
824 342
906 411
120 358
754 958
698 214
935 148
339 131
801 484
707 902
737 329
244 586
770 988
714 708
426 751
783 742
384 211
759 772
406 455
769 363
681 618
79 84
875 630
844 476
791 158
870 942
987 624
167 192
319 132
704 730
502 868
414 945
381 916
671 683
575 380
151 208
958 692
977 509
576 200
808 315
909 796
63 19
188 886
329 556
629 124
335 394
489 972
25 277
321 68
512 817
946 853
20 818
966 221
898 250
874 954
143 670
311 268
553 641
489 207
28 139
584 839
361 66
906 92
155 690
547 361
197 910
372 88
470 668
230 443
499 471
692 525
239 195
953 610
181 341
113 533
665 559
208 319
451 540
964 410
533 91
973 880
777 182
597 280
105 634
315 932
1 142
373 141
97 840
981 402
953 687
123 842
363 822
810 314
451 447
632 44
520 50
417 658
335 18
464 743
240 289
796 252
17 299
351 382
647 673
746 68
478 514
874 950
224 106
248 845
747 484
436 923
717 534
310 391
121 899
864 696
328 545
281 404
992 768
583 897
279 853
268 961
722 615
112 979
36 833
72 694
579 521
212 184
992 318
399 772
518 269
418 508
87 609
894 156
822 527
255 655
902 121
190 197
616 469
188 546
972 837
907 75
476 190
170 688
447 429
510 90
498 460
270 393
362 670
647 730
386 782
562 805
167 16
209 958
395 481
455 99
925 740
46 577
608 471
373 501
878 784
756 823
178 355
204 436
120 935
639 211
22 907
649 912
632 341
783 385
415 169
942 202
910 533
431 90
236 195
546 344
601 944
910 476
338 505
357 135
730 971
257 441
735 780
851 569
398 528
92 87
106 670
526 797
138 630
672 9
36 398
960 523
450 543
237 84
185 635
45 730
306 79
121 726
555 936
712 761
432 581
960 831
429 313
459 864
511 380
558 329
623 889
163 24
206 783
644 782
510 41
193 322
315 246
616 481
97 988
188 736
285 821
251 348
213 655
788 658
682 828
9 263
74 419
547 881
180 74
660 729
828 586
866 963
133 630
480 568
970 425
221 122
884 790
760 889
649 160
135 945
23 514
102 984
49 250
17 940
836 635
36 499
399 44
958 522
169 635
273 723
165 242
910 844
887 698
891 515
985 906
438 946
960 549
819 331
432 492
676 884
656 759
982 582
647 971
495 214
651 309
673 167
656 399
476 96
98 27
830 97
3 403
840 504
250 474
658 684
299 511
736 975
181 67
398 767
292 922
784 558
640 437
972 662
635 571
5 335
510 237
559 608
211 155
536 610
722 126
810 966
588 692
408 356
91 798
389 871
687 536
606 832
192 603
790 780
444 9
965 245
112 68
380 713
50 516
393 833
281 263
640 552
852 387
694 477
95 857
229 846
3 696
292 253
198 851
801 856
710 324
22 442
125 413
920 476
877 381
151 721
264 74
751 231
111 714
859 958
71 390
932 290
841 829
723 944
689 451
455 118
780 676
130 198
51 809
8 242
449 787
322 695
408 156
65 788
805 740
939 329
402 667
165 327
602 217
47 286
583 284
838 664
97 796
692 953
983 260
359 107
776 628
874 103
961 441
665 36
261 377
840 885
604 579
207 21
86 610
640 212
69 241
884 276
658 141
949 587
442 494
740 570
587 11
521 152
680 135
442 170
149 973
608 203
819 837
911 381
243 748
914 105
287 771
864 64
476 549
933 376
884 777
486 739
969 271
79 41
86 896
79 554
285 553
759 521
352 805
738 369
569 814
597 430
218 585
673 367
421 741
979 537
402 305
411 46
835 584
272 908
638 642
488 683
952 50
643 268
981 740
327 661
425 683
719 27
683 116
947 145
237 105
429 887
775 143
187 643
249 414
37 636
460 308
310 250
104 171
692 349
302 136
924 531
833 122
483 381
481 606
401 508
260 313
2 816
293 373
739 592
629 283
318 850
681 491
492 189
736 905
205 141
598 387
792 559
364 140
431 79
514 585
707 397
889 106
110 24
491 448
756 381
773 573
651 909
840 650
164 583
810 25
449 248
784 201
793 604
680 833
446 690
667 450
590 263
50 956
620 140
712 695
991 713
868 991
169 893
604 101
527 173
214 947
151 108
59 146
21 724
660 293
391 776
685 824
848 462
889 343
681 868
209 364
21 350
989 997
402 688
824 171
293 534
397 997
482 339
72 71
935 109
52 28
944 795
796 114
79 219
167 730
413 548
20 661
785 556
12 825
680 711
273 944
449 445
665 763
279 309
49 391
286 544
308 323
709 538
484 463
501 658
747 856
244 327
118 546
7 459
41 672
601 385
648 453
981 144
646 714
397 858
755 810
595 242
851 39
610 564
665 855
237 306
741 364
133 935
113 224
508 944
89 814
221 227
692 6
497 651
961 491
97 487
796 607
301 722
331 207
810 122
747 99
380 17
489 662
155 938
268 703
629 890
863 77
336 51
362 224
948 399
571 851
981 638
2 995
577 493
566 250
828 818
715 31
606 498
609 476
620 741
319 721
256 937
760 106
426 629
402 594
601 742
567 173
591 724
975 775
628 372
275 412
912 505
728 470
755 471
208 136
101 538
978 227
273 809
819 489
824 561
99 951
37 147
224 422
959 174
743 162
900 725
118 81
288 363
437 262
531 360
477 490
381 915
244 818
532 882
607 252
312 406
260 451
866 726
764 205
484 118
805 642
846 566
391 88
806 945
164 809
582 48
347 758
408 220
579 725
403 459
298 212
849 69
45 647
864 757
158 668
321 2
145 872
634 799
326 27
367 730
799 554
656 948
190 115
981 672
366 689
62 855
900 131
274 730
41 237
381 369
929 431
690 691
965 791
191 445
74 672
195 189
807 509
879 415
429 214
780 443
356 631
509 935
393 615
462 645
284 278
810 398
731 373
620 525
543 41
809 891
396 458
471 626
369 11
428 864
197 96
441 652
424 825
151 296
725 152
508 284
448 582
628 160
192 960
567 766
193 712
31 577
429 888
878 748
347 60
642 592
484 648
905 322
974 603
15 658
960 762
858 902
90 105
598 377
663 197
17 511
195 851
549 192
266 360
716 396
62 81
591 350
253 585
657 604
688 562
27 132
423 542
98 132
913 861
569 82
778 259
635 957
438 969
711 547
335 94
864 403
72 400
787 191
844 190
978 945
722 711
511 539
925 642
181 994
282 132
569 660
120 736
291 851
202 113
464 247
594 672
212 262
690 460
196 356
36 626
997 147
785 547
306 824
47 885
833 763
68 816
711 615
236 659
794 831
80 475
42 763
491 572
817 683
86 958
443 735
822 33
928 547
833 357
919 839
412 456
112 2
190 609
419 824
470 382
66 927
477 929
841 688
35 430
714 350
322 358
847 780
105 824
390 929
984 929
51 774
525 565
508 774
61 147
531 475
403 750
853 114
142 440
487 988
893 291
266 475
738 703
979 995
573 376
567 527
697 1000
579 131
311 491
567 786
111 591
667 740
749 223
77 573
154 450
845 449
268 572
651 946
473 377
962 489
246 265
288 448
819 100
642 379
938 782
105 485
297 884
821 50
677 436
534 569
23 218
683 435
699 967
422 623
731 658
916 441
855 945
888 399
974 780
109 138
762 780
651 114
138 133
548 772
908 19
936 770
907 442
982 749
835 919
186 391
508 94
500 714
195 198
875 133
632 982
224 533
633 41
518 831
954 681
561 979
576 690
663 96
107 691
661 828
983 56
987 943
830 770
927 702
723 809
980 987
297 790
167 971
780 730
685 41
801 99
766 822
632 674
138 344
223 705
141 997
533 526
413 226
434 315
375 642
366 485
633 981
36 608
258 743
298 640
650 118
923 999
373 781
388 734
922 218
635 172
485 799
170 739
934 288
157 439
534 89
710 983
647 26
231 629
219 366
506 987
702 737
587 491
16 621
824 258
720 692
28 307
338 250
635 409
632 48
644 646
384 782
546 967
761 886
9 204
789 260
796 917
751 877
487 770
441 483
546 807
211 460
844 411
249 36
549 46
668 217
183 298
747 406
968 828
525 364
453 880
278 164
19 483
622 721
624 980
741 10
519 347
11 787
524 751
796 988
290 338
523 269
706 510
618 675
413 339
409 373
110 534
71 477
507 354
828 244
971 192
799 38
139 780
429 632
671 970
676 367
629 524
243 201
283 654
165 586
923 419
153 296
983 145
878 90
921 343
533 918
337 537
652 916
753 110
895 879
60 519
369 259
545 624
5 515
775 670
369 949
129 436
988 830
702 558
293 851
630 975
793 317
906 884
566 229
94 110
923 809
584 963
465 857
970 666
128 237
413 882
328 909
345 810
613 243
198 330
544 588
879 635
484 312
756 283
724 348
354 429
404 436
350 177
996 207
161 984
584 726
909 517
909 770
556 237
749 934
652 787
1 655
946 909
564 896
663 190
350 348
422 889
594 981
6 233
891 14
535 159
750 64
158 382
491 173
79 490
256 688
686 195
118 406
861 537
238 665
203 755
404 590
733 690
786 491
950 681
228 536
287 839
293 635
879 245
151 719
74 816
360 393
618 954
623 106
911 441
359 553
812 699
309 114
270 878
981 472
619 265
709 339
110 660
301 855
678 31
141 467
673 971
46 92
373 330
31 92
377 745
23 292
535 574
189 659
573 99
356 156
174 811
637 201
111 292
119 614
604 532
286 107
849 871
201 878
740 543
440 927
21 996
520 840
943 624
13 77
692 620
721 282
216 656
2 68
392 364
233 720
691 692
455 747
365 373
212 187
632 67
75 170
596 716
587 857
241 867
544 520
43 516
769 181
342 700
486 210
690 840
359 620
686 130
272 751
229 630
927 878
244 595
874 262
784 737
453 312
414 277
671 732
697 823
374 37
321 128
648 398
189 29
737 931
796 47
926 980
835 287
666 683
410 413
458 188
3 428
792 238
145 849
433 996
842 273
504 838
491 527
557 375
270 558
403 7
424 885
457 298
694 390
387 809
886 193
282 296
21 331
770 840
479 601
33 527
293 717
312 747
124 654
229 776
50 519
860 553
287 707
727 996
345 414
313 324
808 59
721 284
262 232
363 582
414 25
874 511
36 559
253 478
658 835
691 285
110 199
569 89
828 20
914 799
520 47
948 705
262 457
464 337
886 695
205 239
130 239
339 904
461 351
610 692
879 893
938 446
195 589
697 283
690 323
764 734
429 947
130 753
247 171
984 804
617 635
492 205
215 799
470 461
16 884
361 255
270 939
377 999
546 422
793 709
848 69
429 181
903 544
888 378
399 226
630 391
165 968
72 325
556 878
9 93
259 703
940 403
567 187
740 154
59 40
220 156
797 224
221 945
377 774
675 868
320 388
331 433
431 71
864 750
965 893
10 610
782 292
631 636
187 54
405 41
537 464
126 711
329 84
56 260
682 165
893 415
489 350
506 624
772 948
313 983
20 165
137 776
593 845
756 124
207 100
187 457
171 743
268 262
659 589
850 520
503 651
414 528
205 61
472 543
932 59
491 738
350 157
508 336
279 651
656 288
281 444
546 630
745 278
697 890
994 888
305 41
955 50
952 955
711 135
259 491
291 373
691 349
206 165
123 795
573 967
546 133
433 100
928 878
976 983
563 888
664 803
844 678
784 613
111 489
877 901
608 820
423 967
758 50
433 837
622 296
723 595
573 463
861 746
215 485
923 204
828 601
115 533
635 119
238 499
290 808
821 233
377 302
637 613
49 133
187 572
346 824
219 451
126 135
140 525
313 789
289 180
387 278
498 323
322 134
335 515
32 40
52 780
953 679
944 136
652 593
115 106
220 631
696 403
513 889
563 181
717 660
635 569
387 583
211 70
262 183
612 414
839 65
831 523
858 963
58 840
786 268
658 781
498 386
859 896
745 583
253 111
610 565
458 120
452 491
343 975
164 420
785 737
350 627
714 585
869 870
401 377
36 25
80 360
223 982
463 863
540 689
138 188
780 16
843 393
218 782
878 613
426 697
715 844
835 771
422 358
482 579
361 142
220 196
442 740
853 718
736 650
90 477
846 407
546 149
721 240
147 196
616 646
334 656
422 918
568 373
117 413
847 230
219 313
782 646
807 138
400 431
940 991
69 462
651 430
809 601
687 859
95 257
697 231
842 891
187 961
488 970
979 316
945 680
853 430
127 853
824 162
607 800
187 183
246 40
768 275
188 422
