1994
40
97
90
47
73
100
81
68
80
70
62
15
78
11
68
63
31
12
52
46
57
25
34
91
93
43
67
74
27
72
47
95
51
70
58
10
37
20
70
62
79
20 3
32 5
21 6
29 13
4 14
30 15
11 16
20 11
17 18
38 17
39 21
35 24
1 25
2 28
40 31
2 34
12 2
19 12
32 19
10 35
32 36
30 32
33 37
20 33
29 38
10 29
22 10
20 22
39 20
4 39
8 4
9 8
26 9
30 26
27 30
1 27
7 1
23 7
23 40
34 12
16 20
3 39
38 13
8 39
29 22
9 39
24 10
28 34
40 7
38 10
26 32
13 10
33 39
18 38
30 36
39 6
9 30
9 27
12 28
30 19
29 20
27 7
7 25
30 1
32 12
30 7
17 29
9 32
14 8
7 31
22 16
16 29
36 9
9 4
9 14
4 36
39 11
36 27
36 15
13 17
25 30
27 25
22 38
39 14
14 36
26 5
1 31
1 9
5 9
9 21
31 27
13 35
31 23
13 24
39 37
19 26
20 10
16 39
20 37
35 29
36 8
35 38
15 27
39 36
15 9
4 3
27 14
17 35
35 22
10 16
38 20
19 9
9 12
4 20
12 30
9 6
12 26
7 9
27 23
28 19
27 40
24 38
15 1
10 17
8 27
1 23
3 8
23 30
4 11
40 1
24 29
39 22
32 28
8 15
4 16
28 9
34 9
36 12
14 15
39 29
36 19
17 24
30 40
25 9
25 23
8 20
32 34
4 15
37 22
36 20
4 29
39 15
25 15
25 40
22 13
28 36
18 35
36 29
31 30
31 25
32 2
22 24
24 20
24 18
37 29
5 19
29 18
36 1
34 36
20 14
15 21
15 7
30 28
9 2
27 4
10 18
40 9
22 17
20 13
7 36
20 35
1 32
5 30
18 22
23 9
9 20
7 4
34 30
14 3
34 1
12 5
16 38
15 6
36 2
16 24
36 3
30 2
20 17
33 22
4 1
15 20
6 14
40 15
23 15
15 3
16 35
39 35
16 37
4 6
13 18
1 2
19 34
20 6
28 1
31 9
34 15
38 39
26 36
20 18
1 14
27 20
36 5
36 23
9 29
15 28
15 31
16 18
20 21
29 14
4 38
28 5
24 39
9 3
26 28
36 40
5 34
36 31
17 16
35 37
14 7
27 28
33 29
4 40
23 28
39 18
17 39
39 10
27 39
1 8
9 16
16 13
20 1
13 39
35 4
6 36
8 7
4 30
37 24
8 6
4 13
19 2
1 12
32 15
4 21
14 21
38 37
17 4
6 27
23 34
24 4
34 26
1 19
39 1
6 1
18 37
19 15
23 4
37 13
30 14
16 36
10 37
3 27
36 25
32 23
8 30
6 7
26 2
17 11
11 35
29 27
13 33
16 27
14 40
33 24
17 37
32 27
3 6
15 12
12 23
35 33
7 39
31 28
28 25
16 33
29 6
38 11
24 9
27 12
5 2
21 3
28 7
17 9
1 5
18 33
4 22
2 15
21 27
37 4
17 33
33 10
4 31
5 15
7 12
34 27
7 32
20 7
3 29
37 9
30 39
18 4
7 34
13 11
3 7
25 4
10 4
37 11
18 9
31 12
29 7
1 26
27 19
6 30
26 15
28 40
37 27
8 40
7 19
7 5
35 9
11 29
30 20
11 22
24 11
38 9
40 20
28 4
3 1
25 20
31 20
3 30
13 9
26 7
8 21
29 15
27 13
7 2
14 31
40 39
36 21
30 21
37 36
7 21
12 40
9 10
31 34
40 6
29 8
33 4
9 22
23 20
18 11
34 40
37 14
22 27
37 15
10 11
20 28
9 33
25 14
26 27
40 32
34 4
27 5
31 8
29 1
40 3
36 13
31 3
15 13
24 27
5 40
33 38
12 4
34 25
35 27
10 27
14 23
9 11
39 31
27 18
3 37
17 27
21 1
2 27
29 30
36 35
27 33
25 39
29 40
30 37
13 14
25 3
38 27
36 17
31 32
29 21
37 6
15 16
37 21
28 14
39 28
32 4
25 32
36 22
7 37
11 27
7 13
33 36
31 5
19 31
25 12
2 31
33 11
20 32
5 25
25 8
14 32
18 36
39 32
38 36
24 36
25 6
4 5
36 10
19 25
15 38
6 13
25 2
16 14
21 40
28 8
13 30
29 25
14 34
7 16
6 16
31 26
3 13
15 33
28 3
25 21
5 23
31 21
15 22
4 19
15 10
28 21
16 30
4 2
35 15
6 10
32 8
36 11
19 23
40 37
6 33
21 13
24 15
33 14
11 15
8 37
38 6
40 13
37 25
2 23
15 17
32 3
39 23
8 23
16 40
