4535
100
23
81
30
92
22
80
82
42
20
74
92
74
32
48
97
52
31
90
82
96
16
99
20
13
95
93
90
19
53
87
45
35
94
34
62
25
68
47
32
26
92
71
91
45
58
82
35
77
16
83
53
90
42
15
93
49
99
16
15
73
53
96
38
58
92
41
74
37
31
40
68
70
57
72
32
100
12
47
14
85
14
58
93
74
26
94
81
39
80
33
82
73
23
87
52
79
11
11
91
42
83 5
83 6
88 9
99 10
83 11
98 12
43 14
17 19
62 24
88 25
13 30
53 31
49 32
57 36
62 38
98 40
65 41
80 42
7 44
78 46
79 47
18 51
64 52
53 54
92 53
66 56
13 57
35 13
75 58
28 59
37 64
94 67
43 69
88 71
37 75
100 77
23 79
91 23
3 82
29 3
50 83
21 50
66 21
4 85
7 4
39 7
80 88
55 80
92 55
63 89
16 63
87 16
68 87
76 68
26 76
34 26
92 34
74 90
22 74
84 22
62 91
94 62
27 92
15 27
65 15
65 93
33 65
1 33
84 1
60 95
81 60
29 81
28 29
17 28
78 17
98 78
86 96
18 86
48 18
2 48
43 97
61 43
37 61
35 37
8 35
39 8
94 39
20 94
49 20
99 49
45 98
2 45
100 2
84 99
66 84
73 66
72 73
70 72
70 100
48 51
28 81
60 28
15 33
21 84
16 89
79 91
72 66
43 37
68 26
79 62
78 12
87 63
37 8
76 34
22 90
97 14
83 21
70 2
49 84
65 27
12 46
20 67
94 91
73 56
37 52
36 13
100 48
92 15
4 39
57 35
84 20
57 8
93 15
70 45
9 80
85 39
65 92
55 15
83 84
28 78
28 3
8 13
14 69
37 58
92 76
68 34
41 33
76 53
53 65
46 17
100 72
15 80
84 56
26 92
44 39
42 55
15 42
2 51
11 50
79 94
84 10
61 35
10 83
30 36
45 40
27 55
78 3
52 43
75 8
46 28
18 96
92 80
47 91
72 56
22 49
47 23
72 2
98 46
82 29
58 8
100 45
92 33
25 71
45 72
48 96
49 10
8 61
68 92
86 48
94 47
34 87
53 26
22 10
10 6
23 94
84 94
57 61
68 16
4 44
84 33
90 84
73 84
81 95
36 35
35 43
44 94
44 85
52 35
84 65
87 89
79 24
32 22
28 12
100 40
71 80
39 35
33 27
9 92
21 11
45 78
94 85
52 61
87 76
54 31
84 5
72 48
47 85
33 93
72 84
22 1
43 64
26 87
4 94
82 28
50 84
47 44
52 69
80 25
61 69
79 85
47 4
27 84
24 94
35 94
49 1
92 42
69 97
72 77
28 95
61 97
35 44
22 99
19 28
95 29
54 76
2 77
66 45
92 87
46 3
32 1
78 19
59 78
40 72
84 6
14 61
89 68
94 49
35 30
70 66
57 30
89 34
100 66
22 83
2 18
82 46
45 48
70 77
49 33
3 95
27 42
57 39
3 81
82 78
92 84
78 40
79 38
89 92
26 89
74 84
67 35
3 60
39 47
41 27
31 76
40 48
53 87
61 64
2 96
72 78
4 35
38 24
94 38
10 50
78 29
25 9
54 92
12 17
56 70
83 66
7 47
100 51
57 44
73 70
74 49
91 38
20 1
41 15
57 4
81 82
73 45
86 2
28 98
100 18
26 54
78 81
52 97
53 34
60 29
35 20
16 34
14 52
33 20
33 42
51 96
69 37
82 95
9 71
42 65
60 82
6 50
24 91
17 3
62 23
23 85
64 69
19 3
53 68
22 20
96 100
88 92
66 50
61 13
1 92
1 94
74 20
65 55
92 16
79 39
20 4
33 94
84 70
63 68
10 1
28 45
8 43
64 35
84 45
84 11
39 20
91 85
89 76
71 92
59 46
8 30
38 23
49 90
12 3
33 4
12 19
86 100
38 85
31 26
23 24
5 66
16 76
4 8
57 37
85 35
57 75
92 94
6 21
21 73
11 66
73 11
20 10
45 96
11 6
88 55
37 14
2 40
64 14
54 65
21 72
86 51
25 92
94 10
42 93
57 94
11 10
50 22
59 82
37 13
70 40
20 57
78 100
40 28
16 26
14 35
37 30
18 45
40 46
65 26
45 56
27 80
4 49
47 35
84 15
62 85
28 100
1 50
6 66
96 72
30 61
50 49
4 67
27 94
100 56
5 50
98 3
99 20
12 40
85 57
32 50
95 78
15 88
39 23
27 53
78 48
57 43
50 20
57 52
25 15
18 72
59 3
97 64
15 94
32 20
57 58
51 72
26 27
4 79
47 57
78 2
71 15
97 37
77 45
57 79
92 93
91 39
56 2
40 96
83 73
45 12
12 100
47 62
37 36
7 35
16 53
84 26
99 1
35 69
69 57
89 53
59 98
25 55
36 61
42 84
73 6
57 14
37 39
75 35
4 91
48 70
59 12
57 7
20 83
88 27
30 39
29 59
40 77
6 20
45 21
63 53
4 1
100 98
57 67
68 54
67 33
23 4
8 44
88 42
22 6
49 67
41 84
23 57
100 73
8 36
11 72
15 1
23 44
78 60
40 3
6 72
98 72
40 56
75 13
22 94
92 31
69 8
30 43
58 13
75 36
46 29
59 95
9 15
8 14
12 82
86 72
59 17
77 56
93 84
43 13
49 57
6 5
45 86
75 30
70 78
61 75
1 27
15 26
97 35
63 92
36 58
56 48
19 59
54 34
38 47
30 69
65 68
89 54
80 65
61 58
93 27
84 4
33 10
18 40
65 89
65 88
78 18
56 21
78 56
52 8
18 56
31 34
45 51
96 56
57 97
8 47
4 10
30 14
88 84
21 70
16 54
16 31
39 38
88 26
57 33
49 35
58 35
63 76
98 17
6 1
31 89
25 65
57 1
66 40
85 24
1 74
25 42
40 86
80 84
12 72
47 24
84 55
50 94
46 95
94 93
39 62
18 12
41 42
29 12
57 64
68 31
22 33
1 67
2 66
20 85
19 46
20 47
7 8
40 73
4 62
93 55
11 56
3 100
55 71
9 55
93 80
70 18
10 57
15 20
90 20
18 77
7 94
26 80
11 22
72 83
8 97
56 12
90 1
63 34
30 7
31 87
40 51
57 62
67 39
70 96
63 26
10 21
52 30
50 90
65 31
68 27
93 1
35 33
94 42
77 96
25 27
87 54
73 2
16 65
76 65
71 27
23 35
33 50
39 13
39 33
70 86
20 93
73 77
48 77
86 77
72 50
93 10
93 50
36 39
26 55
96 78
71 42
23 20
72 5
43 36
98 56
97 30
65 71
11 5
97 13
93 41
91 57
38 4
39 43
95 12
72 28
61 39
35 91
82 17
27 9
56 83
29 17
73 18
2 21
95 17
5 21
5 10
57 84
42 1
7 13
66 77
36 97
82 98
44 20
82 40
90 32
100 46
87 65
49 39
42 26
12 2
6 49
99 94
31 63
21 77
27 20
98 2
87 27
62 35
35 79
77 78
48 73
63 54
16 27
67 44
35 38
46 72
60 46
21 40
8 64
36 52
39 75
52 13
53 15
17 40
94 6
79 44
59 60
83 1
4 50
35 24
11 1
74 50
66 18
23 7
36 14
92 41
4 24
65 63
62 44
13 14
33 6
35 1
3 72
90 10
81 46
90 6
90 33
31 27
82 72
25 26
93 88
65 9
32 33
53 42
1 39
82 19
65 1
85 7
8 23
39 97
24 39
21 18
76 27
65 34
84 18
74 33
96 73
36 69
41 1
30 64
7 97
14 39
5 1
6 99
78 86
50 73
42 76
94 8
29 19
53 88
39 52
1 21
