4912
100
32
40
34
54
25
40
80
81
24
27
62
24
57
67
53
67
20
23
54
70
24
93
79
50
15
22
90
28
58
77
72
57
34
45
66
98
46
86
74
27
96
27
84
20
94
10
37
96
44
95
10
48
62
36
62
66
35
20
11
12
50
11
24
25
28
51
29
41
29
71
16
98
14
31
74
21
56
78
37
99
100
85
36
12
92
29
45
66
18
24
93
82
45
74
87
96
76
87
22
18
96 1
22 3
77 5
88 6
53 10
48 14
82 15
45 16
88 18
100 20
19 21
56 19
60 22
84 36
84 39
100 42
80 43
31 45
54 46
30 50
83 30
49 52
48 49
2 48
17 53
64 17
12 54
13 12
67 56
58 59
35 58
27 60
81 63
86 66
99 67
7 68
31 7
87 71
99 72
75 73
23 74
55 23
61 55
79 61
32 75
26 76
4 26
51 4
79 80
78 79
34 81
28 82
31 28
37 31
32 83
44 32
37 44
78 37
38 84
64 86
69 88
11 69
85 11
62 91
70 62
65 92
51 65
51 93
38 51
13 38
47 13
87 95
70 87
90 96
97 98
64 97
47 99
33 47
94 33
57 94
27 57
24 27
25 24
41 25
2 41
70 2
8 70
85 8
9 85
35 9
29 35
64 29
89 64
34 89
40 34
77 40
78 77
90 78
90 100
31 16
51 92
67 72
69 85
29 17
38 39
90 1
94 27
12 46
64 34
63 34
8 62
2 49
31 68
31 82
78 61
65 4
25 2
39 51
81 89
74 55
42 20
9 11
60 57
3 60
10 17
34 77
5 34
52 2
32 30
29 9
79 43
19 67
74 61
97 86
13 46
4 38
83 50
29 34
37 32
88 11
18 69
30 75
11 35
13 54
4 92
27 25
40 64
73 30
97 66
52 48
34 78
51 84
18 11
27 33
44 83
36 51
36 39
4 76
78 44
61 23
32 73
89 40
50 32
3 27
99 13
13 51
77 79
18 85
72 47
2 24
8 18
39 4
52 24
11 29
87 2
62 85
83 75
39 76
86 98
60 94
29 53
66 64
71 2
55 79
29 10
47 94
68 28
37 83
32 31
79 34
4 13
100 96
18 62
11 8
59 35
39 13
68 32
39 65
66 98
73 83
100 78
39 26
50 73
79 74
14 2
78 96
32 78
34 35
47 67
70 95
15 28
24 70
15 31
92 39
72 19
94 3
54 47
70 71
50 37
70 18
28 32
46 47
100 32
57 33
55 78
9 69
29 89
24 94
37 30
6 69
47 27
57 3
62 24
61 43
68 15
35 69
64 98
64 53
47 57
12 47
61 96
78 83
18 6
13 72
33 3
14 52
75 50
71 95
31 50
40 29
94 25
2 95
64 77
34 66
72 56
6 11
14 49
70 85
78 42
26 65
40 17
42 96
80 61
8 69
99 56
35 64
84 4
91 18
21 67
25 57
86 34
55 34
1 100
7 15
33 12
94 2
29 77
31 30
54 33
66 35
57 24
40 78
78 20
25 60
61 34
12 57
57 22
29 59
26 92
4 47
35 89
84 13
85 35
65 93
70 11
27 22
32 42
56 47
8 9
36 13
53 40
33 60
2 27
35 40
13 67
47 19
42 90
50 78
20 96
32 20
88 8
32 96
72 21
9 18
63 89
59 11
47 21
46 33
65 76
51 26
13 26
24 49
32 90
33 22
48 24
44 50
50 45
99 19
98 34
33 13
59 9
93 4
92 13
20 50
91 70
54 57
10 40
58 9
35 18
79 23
29 66
74 34
9 70
59 18
29 81
21 99
31 83
29 63
23 34
62 11
38 92
91 8
57 46
16 50
73 37
32 1
44 73
26 93
10 64
97 34
40 5
34 17
29 78
32 15
33 25
43 55
24 14
18 58
94 70
3 25
5 29
75 37
78 23
29 79
56 13
43 78
54 27
51 47
44 75
48 94
28 7
75 78
93 39
78 64
15 83
24 60
92 84
76 93
16 37
47 25
11 34
54 25
62 9
31 75
87 94
7 82
70 25
66 89
52 94
8 35
26 84
76 51
59 69
25 12
99 12
42 1
61 20
12 67
88 9
7 32
21 56
41 24
22 94
80 78
8 24
56 12
71 94
17 89
32 61
99 33
18 29
4 36
58 69
11 40
55 29
35 62
20 83
35 86
51 56
78 89
13 57
48 27
13 19
78 35
96 43
24 85
79 96
24 3
33 24
45 37
41 70
22 24
23 43
74 78
24 47
92 36
47 38
53 89
35 98
97 35
31 73
68 83
85 94
50 61
34 43
11 24
45 75
51 12
44 31
96 80
76 92
83 28
34 80
13 65
1 78
34 59
1 20
34 53
61 42
20 44
57 99
10 34
29 86
96 34
61 29
39 47
82 32
31 78
27 52
7 83
94 49
64 5
60 47
78 66
25 13
2 47
64 79
45 32
59 85
49 27
85 88
20 75
73 7
69 29
20 79
91 11
32 16
77 89
95 94
100 61
31 20
36 26
17 35
89 10
10 35
11 58
29 85
29 97
92 93
84 47
99 51
47 3
6 85
63 78
9 34
23 29
48 25
1 61
30 44
25 99
78 5
26 38
95 25
100 50
25 22
11 89
80 55
29 43
53 35
44 45
18 34
13 93
30 78
93 84
20 90
88 35
7 37
93 36
35 6
11 10
78 17
27 14
17 63
59 89
63 35
81 78
20 34
84 99
58 85
45 73
56 33
92 47
80 29
100 44
17 81
35 70
3 2
53 11
45 83
13 76
57 2
30 45
44 61
77 43
45 78
91 85
98 29
73 78
30 16
85 34
80 20
47 22
83 82
87 25
52 25
2 60
9 89
76 36
70 69
14 94
60 48
70 29
44 7
3 48
33 2
98 78
77 80
48 57
65 36
62 69
77 61
59 70
34 100
37 68
30 7
5 89
51 33
68 82
47 26
29 74
96 50
91 24
80 100
80 23
84 56
77 17
51 67
7 45
84 33
64 43
18 24
78 7
35 81
42 80
74 80
84 12
47 36
37 28
70 60
5 79
74 43
44 96
77 35
16 44
51 19
89 85
24 54
58 29
46 25
79 89
37 82
73 16
20 37
12 39
90 61
64 80
57 70
48 33
21 13
90 50
6 9
78 53
42 34
65 84
64 61
1 34
14 25
61 89
40 59
30 28
46 24
49 25
1 80
23 96
25 71
20 73
52 57
54 3
100 37
21 51
45 20
50 7
32 34
7 16
11 17
96 74
70 3
87 3
79 1
72 51
17 5
87 57
26 12
24 87
20 30
78 16
70 33
91 35
78 86
49 57
58 34
2 54
88 62
47 93
79 40
40 81
67 84
100 31
95 3
12 93
54 60
59 62
36 38
72 84
53 81
39 67
8 6
87 41
54 94
3 52
7 20
1 23
3 71
30 68
61 37
61 5
37 15
56 57
10 78
62 6
90 34
93 38
71 24
53 59
78 68
54 22
65 47
84 76
67 33
64 11
55 96
29 62
70 47
99 39
53 63
49 3
88 70
29 96
30 82
95 24
69 34
58 70
20 23
24 35
87 85
12 4
85 25
33 72
9 91
74 1
3 14
33 49
58 62
84 19
47 76
39 33
42 23
46 99
62 87
38 76
16 20
50 34
87 91
7 75
100 45
78 82
30 100
78 11
4 99
76 12
11 81
56 25
39 56
50 68
100 83
65 38
66 53
41 94
17 79
9 53
46 94
41 95
12 92
63 11
51 57
16 83
57 95
10 81
82 50
29 1
57 71
76 99
64 81
3 46
40 9
41 3
18 87
33 19
55 77
28 50
87 8
46 2
20 68
17 61
63 10
99 54
88 91
72 12
60 46
67 57
59 8
57 14
61 30
100 23
79 42
35 79
10 66
35 87
29 42
58 8
94 18
12 38
98 89
21 33
33 14
60 12
48 54
6 70
56 46
76 33
94 62
60 99
29 8
64 63
15 30
98 10
78 28
78 97
2 99
59 78
16 75
43 1
51 25
89 58
21 84
71 33
54 70
50 15
76 67
91 6
91 69
47 48
78 15
12 65
62 34
15 20
9 24
1 55
43 17
56 76
99 93
68 45
61 45
63 66
49 54
52 33
87 33
11 66
11 87
61 83
99 38
33 95
97 10
61 40
73 68
42 50
58 53
14 54
46 70
38 67
91 58
100 75
61 75
61 31
89 18
97 89
77 74
2 85
11 98
11 97
53 85
89 62
66 17
7 100
99 94
47 87
74 64
12 36
90 44
47 95
65 99
20 28
42 44
25 18
61 7
90 80
68 75
94 91
15 45
6 58
10 86
46 51
16 68
69 89
12 21
65 67
41 47
57 76
29 6
100 16
80 32
54 51
32 23
95 54
9 78
74 17
96 31
24 99
22 48
53 98
52 54
11 86
35 94
11 77
100 73
96 37
59 81
91 29
43 89
24 29
3 99
76 72
36 99
82 20
62 53
90 23
95 60
73 61
99 26
6 24
100 79
40 58
66 81
80 17
12 19
12 24
72 39
56 65
96 7
45 82
8 89
82 73
20 29
89 80
75 82
31 42
25 91
54 87
17 55
59 64
76 25
79 32
1 50
66 40
96 45
99 70
17 23
42 55
72 65
40 98
14 60
75 15
37 42
31 90
85 95
76 21
72 57
46 95
45 28
85 41
2 22
94 11
55 64
25 67
49 60
10 59
9 81
92 99
22 99
32 29
17 96
67 93
55 89
67 92
96 73
4 67
99 48
33 41
65 33
33 92
83 96
14 22
80 40
77 66
87 46
55 20
29 88
90 79
57 65
16 61
64 23
97 40
6 59
14 47
91 41
25 65
42 43
5 80
33 93
63 40
24 58
71 46
75 28
59 91
47 49
46 48
42 83
43 20
29 87
74 89
81 98
48 70
22 70
24 69
41 46
29 90
36 67
95 48
43 32
68 61
63 77
53 97
80 35
23 77
60 52
33 85
98 59
30 96
88 59
65 46
7 42
47 85
66 80
99 27
10 77
36 33
81 97
100 68
49 22
2 91
72 25
17 98
14 99
39 21
41 54
59 66
82 16
77 81
35 61
27 70
87 6
2 18
39 25
77 53
11 80
87 48
56 92
81 86
80 53
54 85
73 42
79 50
87 58
33 91
76 19
57 41
6 94
22 46
92 72
63 80
43 5
24 51
94 58
46 27
5 55
71 48
87 60
54 91
99 49
29 100
22 12
89 6
60 41
54 65
96 64
84 25
19 39
4 33
22 95
25 35
10 80
62 40
63 79
85 57
98 63
6 34
58 78
62 25
32 55
16 28
4 72
92 25
33 18
18 53
29 94
43 40
1 31
86 53
91 47
24 59
82 61
7 90
7 1
49 70
100 55
52 47
57 84
16 96
24 13
60 85
68 44
89 70
77 98
18 41
15 16
87 22
2 12
96 75
17 97
99 52
97 59
61 15
80 50
73 15
3 12
61 28
6 25
32 74
57 39
95 27
52 22
90 83
5 74
42 74
68 96
60 51
6 53
25 19
80 31
69 87
63 61
58 25
91 89
2 6
19 65
77 96
100 43
40 18
15 96
7 80
23 5
74 40
55 90
73 90
7 79
46 76
5 96
43 90
18 54
60 71
58 2
42 16
87 27
31 79
86 89
74 100
21 25
19 92
24 89
15 44
64 9
55 40
80 44
1 17
8 34
34 91
85 3
34 24
2 35
53 24
57 19
69 53
49 46
50 29
97 77
25 29
55 35
40 24
5 1
31 29
6 54
100 5
75 42
36 72
67 46
70 14
59 77
78 62
70 52
9 97
43 35
57 21
46 85
32 5
10 61
23 40
17 59
88 89
67 54
83 80
87 9
54 58
67 26
71 22
9 66
65 24
46 19
61 53
14 46
46 39
40 85
82 96
86 77
44 1
63 55
92 57
29 7
17 100
68 42
77 9
100 77
3 91
70 34
37 90
42 30
54 76
15 100
71 27
34 87
38 33
21 65
8 94
85 48
82 44
64 58
88 24
82 100
84 46
31 34
17 32
90 74
81 58
78 85
2 29
80 81
35 74
90 75
94 69
100 28
18 47
87 14
57 4
50 43
53 91
25 11
58 33
87 59
89 23
63 97
11 61
69 25
86 40
46 92
51 2
88 34
64 62
63 59
2 13
12 70
25 4
58 97
28 96
53 79
90 16
44 29
22 85
64 85
46 52
62 2
9 17
89 87
54 84
30 90
73 28
58 47
23 50
78 18
80 16
91 40
58 88
29 54
53 87
90 68
23 35
45 90
63 23
86 17
33 26
41 22
90 17
90 5
88 87
37 80
71 54
92 21
9 10
31 43
10 58
8 53
62 97
83 1
86 59
47 29
91 78
45 42
69 40
2 11
96 40
41 48
70 53
1 16
29 83
36 57
72 26
98 80
79 44
63 74
66 61
79 10
40 6
91 64
68 80
54 35
20 74
29 33
1 77
89 94
79 66
69 78
2 69
13 60
80 45
19 4
32 77
9 86
67 24
72 38
88 53
38 57
28 44
81 62
54 19
28 90
40 32
78 6
12 48
8 40
25 38
89 2
90 15
42 28
53 23
82 90
80 97
1 40
50 74
23 66
55 66
78 8
2 8
92 54
74 66
84 24
29 16
98 61
30 80
10 23
54 39
94 53
94 9
24 78
98 23
24 19
36 25
88 94
37 29
60 84
15 42
35 5
14 95
93 72
9 98
79 83
93 25
22 91
43 63
75 80
2 84
28 80
39 24
15 80
29 30
23 11
29 41
71 14
93 57
29 22
29 28
33 6
4 56
89 25
76 24
12 14
32 64
42 82
86 63
44 34
23 81
56 93
80 82
39 60
51 22
91 97
59 80
70 51
39 2
87 78
47 71
29 15
87 52
30 1
26 57
20 17
35 32
58 41
19 93
77 90
23 31
9 2
44 23
48 91
95 91
14 85
29 3
23 7
19 38
73 80
28 1
46 72
94 12
100 40
71 52
27 85
37 1
86 80
55 53
62 54
86 58
54 11
63 5
53 74
49 87
93 46
11 79
18 3
79 98
71 85
10 55
2 76
34 94
74 10
91 60
90 40
46 91
29 95
67 2
100 64
58 98
70 13
18 22
2 19
86 23
58 17
81 79
51 94
55 50
2 88
20 40
54 93
28 79
29 73
93 21
91 57
21 46
62 17
62 98
58 77
49 12
33 35
43 10
78 88
52 12
36 19
3 51
29 46
32 63
46 18
91 98
60 76
84 70
87 99
4 21
54 89
10 5
54 56
59 94
56 38
79 30
51 14
74 31
29 45
1 45
25 9
1 73
97 23
7 34
52 51
87 40
74 98
49 51
64 18
67 60
46 4
100 63
25 26
91 71
12 27
53 5
59 23
47 6
75 29
70 76
41 6
91 14
81 61
71 49
79 37
58 3
70 67
1 15
82 29
53 43
2 34
62 10
22 67
62 33
16 79
95 52
59 61
21 54
11 33
52 67
84 52
73 79
91 27
79 15
1 64
44 43
54 9
54 4
25 8
15 23
51 48
46 38
22 58
29 68
64 90
81 74
48 29
41 35
73 23
91 10
83 23
41 11
33 9
87 12
92 24
25 34
100 35
88 25
77 20
17 50
52 85
61 86
99 71
71 12
54 88
16 23
53 100
54 34
70 78
34 15
69 54
60 29
19 26
36 46
84 22
2 59
55 31
95 99
20 64
54 72
33 69
25 59
76 52
8 64
13 52
18 60
24 56
24 64
84 94
91 17
85 10
35 47
79 45
71 51
28 23
93 24
88 33
2 93
11 74
59 79
56 36
40 70
21 36
96 63
40 50
26 56
54 36
38 21
15 43
3 84
26 46
15 74
34 33
37 23
74 59
17 85
1 75
68 1
17 24
85 97
22 13
30 23
11 55
64 70
24 72
43 7
54 59
79 86
71 41
87 51
64 6
49 84
89 33
6 22
31 17
63 9
24 97
3 6
30 34
3 13
78 94
1 82
23 9
64 87
8 17
78 2
3 35
5 66
23 45
24 36
59 55
1 63
41 88
92 2
13 94
23 75
47 11
75 79
97 79
68 79
79 82
68 23
27 51
11 5
34 16
35 1
68 34
28 34
1 53
55 81
31 40
2 53
62 77
52 91
43 16
41 14
2 65
38 54
28 43
29 14
34 83
43 30
32 53
84 27
58 46
96 35
48 84
29 57
23 82
18 95
26 54
24 4
1 89
60 58
34 82
24 26
27 41
8 97
40 94
41 52
4 2
16 74
34 75
36 2
43 82
88 47
34 37
39 52
92 60
26 21
93 60
36 60
100 89
8 54
41 34
83 43
84 14
94 64
94 67
55 16
86 62
50 77
82 74
90 63
29 52
85 99
2 26
34 45
50 64
5 20
40 2
88 40
74 28
99 41
95 49
52 36
49 41
42 17
13 49
24 38
40 25
33 8
55 82
89 41
58 66
36 70
35 90
64 69
89 47
85 49
2 38
95 12
17 82
71 84
16 17
53 96
31 64
74 30
22 36
85 98
35 20
71 29
65 60
58 63
42 40
51 95
15 17
87 84
18 57
45 43
74 45
25 53
58 23
81 85
80 9
7 74
36 94
19 60
69 17
24 98
18 71
83 74
60 38
24 21
19 52
86 85
51 85
2 21
52 93
37 43
29 27
19 70
87 17
26 60
15 55
93 70
18 17
11 43
55 98
71 13
34 73
73 43
30 55
2 56
87 13
98 8
87 97
97 69
43 66
98 5
50 5
22 35
29 99
16 40
88 64
67 3
95 84
22 19
60 56
100 11
40 15
44 74
7 55
18 52
75 43
54 53
11 1
38 52
94 17
74 73
13 48
17 30
18 48
55 44
62 63
37 74
99 91
27 13
37 55
35 50
41 51
70 38
1 10
52 58
87 98
45 55
88 17
98 69
91 86
84 41
33 59
29 51
24 10
37 17
87 67
68 43
22 89
84 85
49 29
58 71
98 94
52 6
13 14
91 49
32 89
54 40
2 64
26 52
94 19
22 93
19 3
63 20
91 51
65 52
92 52
18 27
67 27
11 32
81 5
27 19
64 42
58 80
75 74
41 59
70 17
59 47
20 53
74 68
54 64
21 60
72 2
9 79
52 56
59 5
41 69
98 43
50 63
59 22
100 10
40 82
9 61
84 29
87 10
5 86
58 79
31 77
17 6
25 64
87 19
77 85
92 70
95 13
28 55
26 70
84 91
25 78
93 94
27 36
1 98
21 52
60 72
99 18
49 19
7 17
3 36
5 9
49 18
64 82
38 22
91 81
41 13
3 93
23 62
64 15
17 45
3 89
58 99
13 85
55 75
40 37
9 74
34 47
76 22
20 11
38 94
16 64
48 19
41 8
72 52
98 88
19 14
58 5
12 41
97 88
98 18
62 66
22 88
52 89
77 82
70 98
53 33
70 39
81 87
52 4
9 41
97 94
19 71
82 35
17 44
22 34
70 65
22 26
32 10
40 7
71 89
70 72
11 22
69 47
41 19
51 18
62 79
27 58
11 96
89 60
19 95
95 67
85 63
64 37
63 82
94 76
45 40
22 39
64 33
7 64
67 41
79 85
95 36
70 97
47 9
46 89
47 8
86 74
22 92
56 70
55 83
3 11
16 77
89 27
77 42
12 85
33 40
68 55
69 10
98 32
67 48
74 58
13 91
83 17
87 86
5 97
87 79
91 79
84 18
3 38
30 40
47 53
90 11
47 40
14 18
3 76
9 55
81 69
35 16
66 32
41 40
42 35
93 27
78 54
27 38
58 61
36 48
40 44
94 26
22 69
68 17
33 78
2 17
99 89
70 10
13 18
58 84
4 60
72 22
62 5
47 78
59 43
45 64
22 65
17 28
40 83
6 60
96 10
77 87
11 60
86 55
58 57
17 75
95 93
41 78
80 62
85 23
35 31
22 40
15 77
49 67
58 14
19 85
19 91
41 36
85 67
48 93
62 61
7 77
60 35
85 5
99 6
47 62
76 27
73 55
53 90
50 11
99 35
77 45
44 64
44 77
30 64
87 63
64 83
86 69
7 35
55 58
92 94
50 53
70 4
68 64
93 41
48 58
14 67
46 6
68 40
63 7
91 12
12 18
27 26
3 59
7 53
93 49
53 82
61 97
10 20
70 86
38 41
98 2
63 16
95 38
17 25
63 42
18 97
35 45
51 58
87 5
62 74
22 4
93 85
6 98
73 17
91 67
14 89
36 85
1 66
44 35
59 60
72 94
93 87
39 94
11 82
75 40
47 64
96 89
62 41
91 93
5 91
3 88
67 71
10 90
22 8
7 11
77 83
32 59
97 2
10 8
48 38
76 95
40 28
73 40
41 76
8 86
80 85
53 41
60 88
3 34
11 16
57 89
84 89
77 37
82 5
77 68
46 35
89 51
68 35
59 1
5 7
64 28
10 88
35 37
10 2
93 71
18 10
97 6
10 50
61 85
10 6
94 65
1 9
22 62
66 96
99 59
87 23
48 89
27 65
14 93
30 77
36 87
48 76
1 81
81 70
59 96
30 35
62 55
19 18
93 18
52 35
49 89
14 35
9 22
4 94
85 76
22 56
77 28
35 15
60 34
83 35
25 97
12 29
85 66
18 86
20 89
67 18
35 27
75 64
63 83
87 66
29 19
6 86
35 48
51 35
63 91
72 27
25 98
55 85
33 98
87 61
72 41
91 66
28 35
16 5
67 29
71 35
81 43
49 36
35 84
89 19
75 35
10 7
27 4
90 89
23 91
57 35
77 75
47 98
49 58
95 72
40 3
63 68
29 93
73 77
76 49
89 50
38 49
97 33
85 38
71 36
89 95
70 5
41 26
17 33
63 28
21 70
86 2
86 1
74 85
67 89
44 63
56 94
21 22
11 28
28 5
83 11
99 34
58 67
10 94
10 25
100 66
23 70
18 36
69 3
18 76
49 72
63 45
97 47
62 3
6 14
69 60
46 59
16 53
6 81
76 87
81 8
94 21
27 39
73 35
28 53
89 7
97 74
12 89
26 49
96 98
59 100
65 49
27 56
66 50
41 64
91 61
82 10
5 6
89 93
74 87
27 21
80 87
41 65
63 37
72 48
70 61
41 98
66 90
38 87
9 43
63 30
53 83
44 53
39 41
67 35
57 6
37 53
6 27
26 95
53 42
40 60
81 18
95 58
15 63
63 75
53 68
58 12
73 64
6 71
8 5
13 89
64 22
53 30
50 59
76 71
14 59
48 26
62 1
72 85
13 29
11 44
91 80
98 100
72 3
20 66
75 53
76 14
9 3
58 93
36 14
52 59
66 70
58 1
41 21
25 86
66 7
36 89
35 95
18 38
41 97
35 93
97 54
11 30
67 6
54 98
41 56
73 63
43 58
68 11
45 53
53 73
32 81
99 69
69 52
65 48
39 48
78 22
81 96
85 26
66 8
66 6
56 48
36 29
38 14
65 85
82 89
27 92
54 17
97 22
24 86
96 9
97 55
28 89
19 58
92 41
18 5
1 85
12 35
59 90
26 3
48 6
1 97
11 73
49 35
8 61
91 36
19 35
70 80
19 6
88 99
15 53
86 88
76 89
6 12
48 59
15 11
49 56
48 69
45 11
59 20
14 72
99 11
36 58
60 62
86 94
18 72
16 89
5 15
76 29
85 43
15 89
65 95
56 85
69 14
98 90
89 44
10 33
100 81
37 11
3 8
11 42
58 96
71 38
33 86
63 70
63 31
8 23
97 3
67 59
10 54
89 42
24 81
24 5
98 22
59 71
8 80
26 14
50 98
49 39
39 85
8 60
21 48
17 47
48 92
66 24
72 87
34 14
60 97
89 30
51 6
24 61
29 38
4 48
28 10
56 95
11 75
6 49
65 3
47 10
69 71
51 59
63 8
14 65
4 41
68 89
11 14
38 89
26 87
72 89
85 21
5 30
30 10
59 19
89 75
66 28
85 4
51 69
81 33
54 86
10 16
16 66
9 100
6 61
5 42
34 48
37 89
31 11
25 81
83 89
86 47
38 91
38 58
47 81
71 72
86 43
32 9
16 59
14 88
64 3
87 65
72 29
69 5
97 99
21 49
5 68
81 2
10 15
56 14
39 14
19 69
6 84
71 34
41 17
65 18
5 37
79 8
6 80
27 59
13 58
53 31
22 53
10 68
6 63
95 6
89 45
90 81
19 34
59 84
79 70
8 77
32 58
76 58
31 89
65 29
40 99
5 83
11 19
13 35
59 95
10 42
44 5
22 17
36 35
65 71
6 23
91 76
49 59
99 8
27 69
42 66
6 93
41 86
80 24
71 11
4 49
97 43
18 66
85 92
55 87
43 62
51 34
39 95
62 99
10 83
11 48
79 6
68 66
69 84
51 11
59 7
72 58
82 66
8 74
62 14
27 11
14 4
64 99
81 50
10 44
5 31
10 41
43 87
5 45
18 80
46 69
32 97
17 3
81 54
88 71
66 83
73 89
6 74
81 16
87 56
18 61
1 87
73 5
49 92
31 10
88 19
65 89
48 88
39 87
91 72
94 81
5 25
14 8
74 70
71 26
5 47
77 70
10 37
56 3
18 63
49 69
18 26
59 82
26 89
14 92
38 35
66 37
92 87
42 59
56 71
96 97
54 5
6 13
64 60
86 32
76 35
59 12
4 87
5 94
18 56
81 42
15 66
16 98
21 14
66 47
76 6
66 44
46 11
5 33
65 91
74 91
59 83
32 87
69 12
60 9
5 75
66 25
39 3
35 72
10 73
25 61
58 65
3 98
81 20
59 44
18 74
26 29
59 37
59 76
67 69
58 26
9 90
60 17
86 96
95 4
83 81
6 38
24 63
99 9
71 62
3 4
81 41
74 24
61 47
65 35
22 86
30 66
40 14
47 74
46 34
41 5
74 25
66 73
45 10
54 74
4 71
98 60
26 35
98 42
18 4
6 77
4 29
38 59
71 40
11 12
6 65
22 10
1 8
40 19
5 2
60 78
74 94
4 35
91 77
42 9
4 58
75 10
83 98
56 35
18 77
26 91
18 23
59 73
44 81
83 9
4 91
66 31
5 22
52 11
24 23
30 59
89 4
39 35
6 72
4 6
59 31
11 84
91 1
59 4
99 98
43 8
25 23
58 56
87 96
97 42
62 96
97 14
81 30
14 64
62 19
59 15
69 76
59 13
60 10
82 81
98 20
38 69
31 81
1 70
89 56
39 58
59 65
81 7
34 27
98 82
19 97
92 58
68 59
87 21
95 92
21 58
30 98
35 92
85 96
6 1
75 66
55 8
53 60
48 62
95 69
39 89
9 50
84 34
22 81
59 93
92 3
8 19
11 38
6 36
55 91
11 95
35 21
87 42
78 3
38 34
39 18
81 68
87 50
23 47
11 49
69 65
79 18
59 75
18 1
97 71
62 38
6 26
60 86
53 3
81 75
51 62
59 26
36 59
98 7
47 63
55 6
59 28
23 54
5 60
36 69
98 14
98 68
9 7
55 70
67 11
76 11
100 87
42 58
32 62
80 47
11 36
81 73
74 2
64 19
6 43
11 65
82 9
11 4
63 25
68 9
67 34
48 97
98 75
88 5
81 15
57 59
99 78
4 69
56 91
56 29
92 89
98 73
62 42
3 5
38 97
34 49
4 34
98 31
9 75
36 34
50 58
9 20
64 71
69 93
47 1
81 88
57 69
25 80
85 32
6 56
98 44
27 62
22 74
26 69
89 21
24 1
71 39
93 11
81 28
92 71
52 34
9 73
76 34
42 86
37 81
98 19
9 30
31 9
2 23
13 69
39 6
23 94
87 73
6 96
39 29
94 63
98 28
75 87
16 9
9 14
62 84
81 45
32 6
19 9
36 62
69 72
99 53
46 62
85 42
62 52
95 21
62 76
58 75
75 62
3 21
20 87
75 85
69 74
78 14
61 94
99 17
13 11
46 97
9 28
74 33
2 63
99 5
43 70
86 3
31 87
10 3
34 95
97 76
39 91
87 68
34 93
6 92
11 57
92 18
62 4
21 6
34 13
56 69
67 62
85 50
24 79
43 91
70 96
34 12
41 74
23 69
32 70
28 87
73 85
69 39
57 34
98 37
98 15
87 30
25 1
47 79
100 85
69 63
82 87
87 90
9 37
59 56
69 61
94 80
59 72
98 45
87 83
18 43
49 62
15 9
97 75
88 74
97 27
83 85
65 34
85 82
92 91
73 58
51 97
23 33
32 91
20 85
25 79
92 29
85 30
9 44
90 85
70 42
3 81
26 34
97 49
56 34
68 85
16 87
6 42
94 66
71 21
1 94
97 50
66 69
63 54
72 34
45 66
96 91
32 8
11 72
97 52
16 85
18 55
50 62
96 8
58 100
43 24
70 50
2 61
39 34
45 59
67 97
85 31
97 36
88 38
32 18
87 44
97 84
62 12
16 58
62 93
41 23
82 58
57 62
39 59
48 40
51 88
13 62
97 13
87 37
88 27
20 58
8 42
18 21
64 48
20 62
85 44
64 27
64 38
29 21
23 88
49 88
78 19
24 32
81 60
6 50
87 15
88 84
40 38
17 19
45 9
23 22
84 64
55 24
9 48
66 2
92 59
97 57
64 49
45 87
97 4
85 28
58 68
40 27
45 85
8 48
73 62
23 60
99 10
62 16
8 27
1 69
96 18
55 25
92 34
58 45
58 90
88 57
6 75
25 43
57 64
92 69
37 85
13 88
88 63
63 41
50 8
52 88
62 82
23 3
62 65
99 23
21 69
27 9
58 31
75 70
24 96
97 73
43 47
11 26
64 51
38 9
88 61
14 17
44 58
63 33
5 19
61 33
40 51
50 86
17 27
98 27
40 84
62 31
93 97
21 59
7 87
88 67
11 92
41 61
11 39
40 49
25 96
10 19
83 58
47 55
61 54
73 70
31 97
15 85
58 28
52 64
62 68
40 52
9 49
11 56
66 88
46 88
56 62
58 37
9 51
39 62
10 14
54 66
64 46
64 13
68 97
94 79
23 19
4 88
21 34
91 21
21 11
74 60
58 30
31 70
40 13
86 75
8 49
88 93
48 98
12 97
62 21
71 9
20 97
62 90
88 1
4 64
27 78
86 99
96 47
76 88
79 88
61 22
62 28
2 1
70 20
19 53
95 62
36 88
93 64
64 36
97 90
40 93
86 20
62 44
40 46
62 37
83 62
95 97
41 66
1 54
83 97
76 64
86 73
1 41
9 52
42 91
40 76
37 97
53 14
74 3
20 6
70 83
99 74
47 32
50 91
79 69
36 40
27 53
94 96
56 97
23 14
13 9
94 43
8 13
68 70
8 75
55 94
38 8
3 61
88 56
38 98
46 9
23 27
79 41
28 97
25 32
16 97
70 28
21 97
68 86
96 69
68 6
72 62
22 63
1 33
66 33
13 98
56 64
40 56
38 78
72 97
23 38
38 53
61 60
97 39
64 67
60 63
12 64
48 53
20 8
91 75
69 55
30 62
97 82
24 77
25 77
99 81
49 98
56 9
20 91
53 13
13 78
97 30
9 76
73 6
55 88
67 40
64 72
9 93
26 62
25 42
2 79
43 69
37 70
37 6
22 66
8 52
8 93
62 45
9 84
56 8
76 8
88 72
71 8
1 22
33 79
90 70
25 20
62 100
91 73
95 64
70 16
30 70
14 5
94 32
38 17
84 8
3 63
52 98
8 46
53 49
64 21
13 23
48 78
27 10
98 76
5 27
64 39
18 42
68 91
52 53
90 6
73 8
67 9
1 60
88 39
97 100
6 30
81 27
27 86
78 49
99 63
31 6
6 16
15 62
6 83
28 6
73 25
70 100
7 85
49 23
65 64
58 15
86 83
26 64
98 93
19 86
63 27
99 61
26 97
72 40
92 62
5 38
84 98
50 25
4 40
56 98
97 45
25 75
76 53
40 39
68 8
61 27
98 71
53 71
57 40
88 43
9 36
70 45
12 88
70 82
45 6
55 41
44 97
15 97
65 97
72 9
15 70
7 62
58 7
5 13
36 8
8 51
36 98
86 31
51 98
83 91
92 97
50 18
88 26
8 83
54 79
40 12
53 51
31 8
2 55
36 53
78 76
86 90
83 25
39 9
20 18
37 86
75 18
88 95
8 90
28 86
91 31
40 26
44 70
36 78
7 70
72 8
30 86
27 74
17 13
51 78
15 6
80 69
8 30
20 24
94 77
3 1
15 86
4 9
23 48
49 5
64 92
53 93
88 80
98 72
28 8
65 88
53 84
91 90
97 7
40 95
5 48
74 19
76 5
91 30
16 86
36 5
78 52
30 25
9 12
66 60
23 76
54 55
45 86
51 5
22 79
6 7
71 78
17 48
88 92
40 92
53 72
8 39
5 71
18 73
76 17
8 15
69 32
90 25
25 31
56 53
1 27
39 53
22 55
8 45
22 43
47 77
48 10
28 91
73 24
18 83
88 96
26 9
67 8
40 65
23 51
63 19
78 93
7 86
99 1
21 88
31 18
73 94
84 78
14 86
82 86
91 15
43 54
93 5
41 43
96 22
56 78
4 8
19 81
69 77
92 9
54 96
56 5
19 61
12 8
10 76
37 8
72 78
82 6
72 5
88 32
57 9
63 14
8 7
24 42
86 48
32 54
38 10
14 74
44 6
17 51
91 45
23 56
40 21
39 78
6 100
66 27
86 100
81 14
46 78
26 8
24 50
9 21
86 44
2 43
2 96
75 24
18 90
1 19
75 94
9 65
71 23
18 30
92 8
18 68
8 21
4 78
100 8
86 38
98 39
43 33
77 88
8 57
78 92
24 90
91 37
3 66
67 78
94 42
65 8
45 18
25 68
47 75
53 4
98 4
24 68
53 92
45 25
17 56
14 61
53 67
4 5
99 66
83 24
17 71
38 74
1 14
37 18
18 28
38 81
94 68
47 68
96 41
36 23
94 50
63 38
78 65
63 48
50 47
44 8
84 5
8 16
15 18
15 25
91 100
91 7
65 53
37 25
24 30
75 69
1 38
43 99
74 48
41 32
46 53
78 26
99 79
86 76
8 82
86 56
2 32
54 80
82 91
24 31
66 14
18 7
42 47
38 61
49 17
33 96
43 14
78 12
21 78
23 4
2 80
25 7
53 12
100 18
5 39
69 42
41 80
23 93
37 24
77 2
94 31
23 84
33 55
95 9
32 22
22 80
48 81
37 94
52 5
92 5
65 5
77 22
28 25
96 99
77 54
86 13
79 14
27 79
73 47
76 81
91 44
53 21
67 5
92 98
68 69
99 55
74 76
24 45
66 19
75 54
84 17
95 8
51 86
69 50
81 56
76 63
57 78
91 16
65 98
81 51
60 79
81 13
24 28
86 49
10 51
24 7
66 38
53 26
19 79
50 54
60 43
41 77
96 60
23 72
56 10
48 61
94 7
18 82
45 94
14 96
84 86
49 81
52 23
83 94
26 5
19 96
53 57
41 50
67 98
32 99
92 23
48 1
44 18
41 75
94 20
16 18
54 42
46 5
47 7
63 51
31 47
57 5
24 15
88 75
55 60
90 94
16 25
42 41
23 65
94 28
37 47
15 94
25 44
26 98
24 16
69 31
51 74
69 37
31 41
42 88
94 16
69 73
36 17
71 86
98 57
23 26
32 60
47 83
92 17
61 51
17 52
23 57
17 4
2 42
53 95
52 86
77 60
61 76
51 1
47 16
80 60
5 21
69 16
72 17
25 100
2 75
69 83
15 47
2 50
98 21
39 23
82 25
69 7
46 98
37 41
36 86
24 82
17 93
94 82
47 28
47 90
93 86
37 2
37 54
69 15
100 24
37 88
22 42
99 80
31 2
30 94
21 23
56 74
81 36
81 93
93 74
68 41
63 56
23 46
86 92
92 81
63 93
33 32
86 4
14 32
86 72
44 24
86 21
16 41
50 88
86 57
42 60
32 19
2 16
38 79
45 47
86 46
98 12
79 3
69 28
86 39
44 94
17 39
86 26
48 79
98 95
20 47
77 99
76 1
41 73
51 79
19 43
88 31
41 7
77 33
81 4
49 63
3 43
56 61
76 79
80 33
63 36
71 81
36 74
67 23
27 43
10 93
69 45
41 28
28 2
14 80
73 2
49 74
3 32
81 39
5 12
69 90
19 80
73 88
3 80
41 83
55 14
63 92
47 30
95 5
95 78
56 1
63 4
50 60
68 2
100 94
20 69
88 68
17 21
41 90
51 66
86 67
63 13
100 47
66 76
95 23
81 84
23 12
2 83
17 67
88 28
100 69
2 90
82 47
