1316
40
92
57
33
28
91
77
69
68
87
81
73
96
52
94
38
12
26
85
69
81
36
16
37
47
47
17
46
95
40
38
74
71
99
35
45
63
96
81
21
40
32 1
26 3
32 4
37 5
24 6
15 7
19 9
30 11
31 13
21 15
32 16
12 19
28 22
30 24
20 26
21 27
10 28
30 10
23 29
17 30
8 31
25 8
17 25
17 32
14 17
37 33
39 34
21 36
23 38
21 23
14 21
35 14
12 39
2 12
37 2
35 37
20 35
18 20
18 40
10 17
30 28
14 20
6 30
30 22
21 38
20 40
11 24
25 31
22 24
35 17
14 32
9 12
17 28
35 26
21 7
14 25
12 37
1 14
27 23
5 33
17 31
36 27
1 16
34 12
22 6
28 6
9 34
14 16
17 8
38 27
10 22
17 16
35 18
15 38
14 31
14 18
12 33
7 38
17 1
34 2
