4941
100
72
47
37
52
29
86
59
27
36
33
49
45
54
60
56
54
13
48
81
91
36
96
21
86
19
47
23
39
38
93
76
48
25
70
39
93
53
54
84
61
71
46
24
49
71
67
75
38
62
53
16
49
31
65
59
10
40
36
48
40
61
100
25
72
100
69
31
36
42
11
44
34
22
34
37
60
69
69
15
57
78
86
36
77
43
68
14
71
34
77
11
94
21
78
99
92
33
82
54
42
37 1
90 2
58 4
55 8
7 9
47 7
17 11
41 22
17 23
47 25
30 26
79 30
21 32
27 21
43 27
3 37
18 38
17 42
60 17
95 47
69 48
67 49
13 50
78 13
28 53
85 28
61 56
18 57
44 59
33 62
54 33
31 64
89 31
10 65
24 67
40 24
5 40
15 69
78 70
46 72
14 74
55 14
44 76
75 44
43 80
61 43
46 61
54 82
18 54
68 18
66 68
99 83
78 84
79 78
89 85
41 86
5 41
3 5
19 87
51 19
46 88
98 89
45 90
29 45
3 29
81 3
46 81
73 94
6 95
66 97
60 66
52 60
79 52
93 79
71 93
20 71
58 20
55 58
91 55
75 91
92 75
34 92
16 34
77 16
73 77
35 73
36 35
100 36
51 98
46 51
15 46
96 15
12 96
10 12
39 10
6 99
63 6
39 63
39 100
10 63
77 34
59 75
66 18
13 84
88 15
3 1
45 2
73 34
24 5
61 51
60 79
86 22
50 78
89 28
33 18
6 47
100 35
99 95
85 53
46 98
9 47
89 64
40 41
42 23
89 46
82 18
81 37
71 58
79 66
21 43
16 73
83 95
61 19
39 6
6 83
54 38
61 72
3 45
5 1
12 15
46 69
79 50
24 49
34 75
48 46
45 1
33 82
63 99
7 25
18 62
10 15
12 39
70 50
61 87
17 66
30 78
63 95
2 29
90 29
55 74
25 9
47 99
89 51
58 93
67 40
81 1
58 91
40 86
43 32
1 29
39 36
71 79
39 95
79 70
93 20
26 79
11 42
14 91
82 38
37 29
1 2
62 68
93 55
13 70
100 73
13 79
29 81
79 58
24 41
89 48
67 5
47 63
55 20
56 72
39 15
53 89
31 53
41 67
11 23
88 12
5 29
27 32
98 53
48 98
87 51
49 40
95 9
56 46
46 87
75 55
61 21
12 46
89 87
7 95
51 53
100 15
50 84
88 10
41 1
55 92
1 67
8 93
91 74
59 76
35 39
34 59
40 22
73 59
71 55
99 39
31 28
28 64
79 18
10 46
78 26
64 53
100 16
33 38
98 64
68 33
3 41
64 85
35 15
15 73
39 46
26 13
85 31
58 74
15 48
61 89
52 66
76 75
61 32
15 36
13 30
19 89
69 89
81 45
16 94
61 80
100 94
68 38
72 32
17 52
70 30
59 77
84 79
8 71
2 3
37 45
39 47
41 49
84 60
78 93
57 66
47 10
81 5
15 16
27 61
89 15
46 5
91 71
41 29
49 86
88 39
7 63
8 20
84 93
98 85
15 94
94 35
91 93
78 58
34 15
5 56
63 15
68 57
4 79
34 55
79 57
88 69
61 98
38 62
95 25
67 86
93 74
40 1
60 93
15 65
42 52
38 57
75 73
96 46
32 56
46 32
63 25
21 46
71 74
23 52
62 57
32 5
27 46
14 58
79 17
90 1
70 26
54 62
52 11
39 83
21 87
61 48
57 33
59 55
79 91
50 30
47 83
80 27
66 38
79 23
46 43
88 89
66 62
60 23
74 79
24 86
86 5
48 51
95 10
66 23
63 36
50 93
61 15
66 33
96 39
69 39
53 48
83 63
43 87
57 54
84 17
75 58
34 91
61 53
39 73
15 51
70 84
84 30
55 79
34 58
49 22
15 98
79 33
46 29
72 5
79 14
79 42
5 45
67 3
78 60
28 98
29 67
10 25
91 59
3 40
21 51
54 68
81 56
43 51
53 15
28 61
26 84
24 22
58 8
5 61
16 59
93 13
55 73
77 15
60 42
15 59
59 92
68 82
73 92
23 97
100 63
33 23
35 63
57 82
93 70
8 79
56 43
56 27
37 2
21 80
100 34
20 79
81 67
80 32
97 60
28 51
60 11
100 59
63 9
46 80
69 10
44 92
75 71
65 88
5 49
78 17
49 3
44 55
16 55
48 88
47 15
1 49
94 39
92 76
43 72
39 25
79 11
6 10
14 71
26 50
34 94
37 5
49 29
3 86
38 79
10 35
98 31
80 51
61 85
60 70
78 42
97 52
91 8
10 83
42 66
23 38
63 73
87 48
77 55
2 5
8 74
46 45
94 59
64 61
28 48
34 39
14 75
90 5
43 5
17 93
69 65
9 39
97 79
17 97
86 1
59 58
53 46
42 33
57 23
32 81
22 5
58 73
90 37
10 100
17 58
46 19
38 42
46 28
32 51
84 42
62 79
60 50
89 39
79 68
77 75
64 46
87 32
80 56
47 88
18 23
69 47
14 8
76 55
72 27
17 70
31 61
99 10
47 65
53 88
24 1
45 67
84 23
46 31
42 93
81 61
22 67
45 56
73 36
25 83
48 31
23 62
84 66
1 22
20 74
31 51
26 93
81 72
69 63
93 23
100 77
84 38
59 71
8 4
64 51
91 4
29 56
34 76
46 1
100 55
49 81
49 45
93 30
70 58
79 54
77 92
85 51
3 46
89 21
3 22
70 42
61 88
17 38
84 52
21 56
94 63
15 83
60 26
84 97
6 25
4 71
76 73
41 81
98 87
42 18
93 66
36 10
90 3
14 59
59 74
25 15
66 11
55 4
41 45
23 68
74 17
72 45
62 42
89 10
39 48
92 100
37 41
39 59
24 3
73 44
88 51
60 58
37 67
39 65
54 23
78 66
29 22
42 50
10 9
60 30
5 27
55 15
90 81
2 81
82 79
42 57
29 24
42 68
92 58
87 31
10 48
67 46
83 100
23 82
14 4
67 56
17 18
48 12
36 83
54 42
93 52
58 77
88 63
7 10
10 73
38 93
9 83
89 47
9 15
35 59
2 41
66 54
92 91
51 27
96 10
96 88
19 31
6 9
63 89
15 92
78 23
69 53
88 83
41 90
46 63
99 9
85 46
82 66
65 63
14 92
74 75
31 21
17 57
36 94
64 48
45 61
43 81
27 81
7 83
26 42
45 43
100 75
29 40
58 76
93 97
32 31
42 30
40 45
64 87
49 46
44 58
35 83
42 82
27 45
8 59
74 92
45 22
99 25
81 22
100 9
37 49
6 15
79 59
10 94
24 45
24 81
56 51
84 11
99 15
13 42
21 5
9 36
100 6
1 56
27 29
98 88
21 19
95 15
83 73
42 58
17 55
31 88
62 82
57 93
9 73
79 75
17 8
44 34
21 98
48 63
72 21
90 49
28 87
64 88
17 33
24 46
48 85
8 42
30 17
80 5
53 10
36 6
19 32
14 93
60 13
63 53
92 16
43 31
46 47
22 37
69 51
61 29
80 72
31 80
50 17
38 78
76 77
69 98
45 32
93 4
29 86
19 43
63 98
25 36
74 34
70 23
80 81
51 63
48 96
17 91
30 23
17 26
69 96
32 89
53 87
62 17
21 28
98 19
50 23
58 23
72 29
13 17
99 88
60 38
30 38
91 42
54 17
21 81
3 56
77 91
38 52
29 43
61 67
39 7
15 75
38 70
84 58
58 38
56 31
87 85
17 14
30 58
50 58
92 79
23 26
98 32
2 49
39 16
83 46
46 99
90 22
78 91
63 96
88 87
6 7
21 45
38 11
74 42
87 15
68 17
66 58
47 48
67 72
22 46
14 42
22 2
55 42
71 17
12 63
65 48
97 42
55 78
12 69
59 36
51 72
9 35
90 67
66 70
10 51
24 37
91 76
88 28
60 57
44 77
58 26
74 4
66 91
91 23
94 77
81 40
38 97
63 59
27 67
15 64
8 75
75 17
62 93
91 70
83 69
76 15
63 64
84 91
40 46
31 15
41 46
72 31
99 36
7 99
36 47
20 91
82 17
26 38
71 42
73 6
67 43
92 94
91 38
79 34
82 93
4 42
63 61
52 57
36 46
43 89
52 62
46 86
58 15
79 77
21 67
19 28
81 51
28 32
14 20
12 47
16 75
46 37
32 48
65 89
1 27
4 20
29 21
31 63
90 46
81 31
70 52
29 32
57 97
46 2
52 78
26 66
26 91
85 88
11 70
86 81
8 92
49 56
67 32
34 14
28 15
51 5
10 98
91 60
39 51
44 15
5 31
56 22
59 17
32 64
44 16
28 63
72 87
67 2
1 32
2 24
73 47
85 32
32 88
16 63
51 47
74 77
27 31
43 98
93 59
27 87
56 37
61 69
78 74
38 50
2 56
34 63
74 26
53 32
9 94
60 62
59 9
24 90
58 13
63 92
49 32
16 58
52 82
82 60
92 39
29 51
95 36
72 89
33 52
94 75
15 7
49 27
57 84
36 7
49 21
92 17
15 85
75 93
56 24
40 2
56 90
37 27
85 63
18 52
89 83
86 2
9 34
88 36
21 88
71 92
64 21
74 23
46 6
26 52
46 7
31 29
73 7
32 37
99 69
70 97
75 63
10 61
94 83
87 80
65 46
80 89
56 41
63 87
83 48
37 40
99 89
76 16
56 40
32 22
38 13
40 32
93 11
7 88
61 47
38 74
11 97
36 89
85 69
91 50
49 72
54 52
77 14
58 100
32 15
57 70
59 10
93 18
43 28
69 31
69 64
35 34
63 77
53 47
12 89
48 21
7 89
60 18
78 14
39 77
97 78
70 74
72 19
42 20
23 14
82 97
47 100
19 64
33 60
5 87
28 72
47 98
63 32
78 57
47 85
76 79
54 60
32 3
25 73
65 51
21 1
10 85
68 52
51 67
26 57
10 34
34 36
46 95
35 47
93 92
32 2
91 52
32 41
4 17
39 75
91 16
92 42
44 91
55 94
36 75
21 63
56 86
89 96
7 69
47 64
85 21
57 91
47 96
42 59
60 74
73 99
67 31
73 95
86 37
39 98
94 47
43 49
15 91
66 50
75 9
11 78
73 46
14 26
78 8
52 58
59 78
68 60
65 12
51 12
98 83
33 93
60 14
100 25
43 64
51 96
7 100
19 88
87 69
88 6
21 53
65 96
44 100
88 95
34 8
25 46
69 32
6 89
87 47
28 80
76 14
55 26
78 92
83 34
52 50
64 10
65 98
13 23
17 20
55 63
45 51
91 73
24 32
66 30
37 21
21 41
9 46
63 44
75 35
35 25
1 72
74 84
89 95
35 92
89 5
93 54
19 48
47 31
26 97
57 50
14 38
82 78
55 39
92 20
89 73
72 37
26 92
43 48
84 82
67 80
44 39
86 32
80 29
21 2
68 93
56 87
61 49
66 13
86 45
28 5
24 21
90 40
64 65
32 47
14 73
90 32
10 31
72 24
8 26
44 94
41 72
8 60
22 21
38 8
89 9
30 52
21 3
82 26
74 50
58 57
62 78
26 62
82 70
90 86
91 82
82 11
57 11
21 90
25 89
36 92
80 45
38 55
37 61
58 94
89 27
98 12
85 65
28 27
76 74
19 27
21 86
92 4
64 12
90 72
11 26
87 67
63 19
49 51
58 63
76 94
19 53
57 74
45 31
64 27
9 92
83 12
20 59
77 36
29 87
86 72
57 30
99 100
12 85
100 89
53 43
59 4
14 15
89 67
25 88
47 34
52 13
25 69
22 72
63 43
34 71
40 21
2 72
40 72
73 79
9 88
30 91
29 89
63 76
99 35
24 27
57 13
94 91
91 11
12 31
27 2
17 34
11 58
20 75
10 92
90 27
91 13
27 41
33 26
83 65
60 55
3 72
61 24
87 10
77 35
13 74
36 69
80 49
92 38
14 13
94 25
98 99
97 91
94 14
27 40
23 8
58 82
10 32
27 3
15 79
76 17
99 12
14 70
34 93
90 61
39 64
19 80
95 69
69 6
88 43
21 15
30 74
89 35
95 100
9 69
43 24
76 93
85 19
53 27
15 19
58 97
48 99
43 85
48 27
91 63
2 61
11 30
100 91
73 69
82 30
20 34
68 26
26 59
35 7
82 13
77 9
16 14
84 14
61 12
10 75
14 44
98 25
8 76
24 80
34 4
84 62
77 17
73 17
36 55
29 28
36 44
49 31
20 76
87 45
15 17
39 85
60 92
47 92
53 72
43 15
61 39
40 61
83 64
92 23
43 47
50 82
43 90
27 15
53 12
14 50
56 89
79 94
20 77
1 61
39 91
21 47
15 20
1 43
40 43
70 62
8 70
64 99
22 27
43 2
70 33
94 99
88 27
96 85
62 58
47 59
54 26
80 90
87 49
99 34
66 74
98 27
62 11
35 95
97 62
8 77
21 69
72 64
3 61
51 24
82 74
29 19
32 12
87 81
46 100
30 14
98 7
40 80
7 94
64 7
83 85
88 72
50 11
62 91
87 12
66 14
20 26
33 91
71 26
70 54
97 30
89 45
91 36
35 6
100 69
64 29
41 61
51 83
72 48
28 56
52 74
64 96
11 13
8 66
82 14
74 15
61 83
59 99
83 53
16 79
28 47
65 99
78 20
52 14
69 43
8 13
69 35
28 45
33 11
79 44
39 58
86 27
85 99
13 97
49 89
7 65
29 53
88 100
79 63
61 22
30 8
14 57
24 31
33 97
36 98
77 10
83 87
11 14
62 30
29 88
94 89
22 43
69 28
41 43
43 12
65 36
64 36
43 37
48 7
31 90
69 19
3 43
98 96
98 95
89 34
83 96
44 17
45 19
57 8
65 61
74 44
100 76
95 94
18 26
74 11
64 25
61 86
16 17
68 70
70 92
78 71
68 11
6 98
31 40
10 43
33 84
97 14
63 27
83 32
55 23
7 85
72 98
78 33
59 83
97 74
75 47
67 28
59 89
21 12
44 9
88 80
98 29
28 49
59 25
33 58
39 76
74 73
76 71
91 9
24 87
31 83
63 72
21 10
61 99
12 28
36 58
80 53
27 69
46 35
28 81
80 22
97 50
2 80
69 94
50 62
60 71
94 6
69 59
38 71
12 7
10 28
33 30
19 10
44 10
80 64
9 58
30 92
6 59
60 59
60 20
10 91
91 68
28 24
97 8
86 43
90 28
65 31
69 72
51 90
76 36
20 44
58 10
91 54
75 99
44 35
35 58
80 37
80 3
77 93
50 33
88 73
18 70
12 19
92 97
91 18
19 56
12 36
34 42
36 85
13 92
4 75
81 89
92 99
12 27
8 11
32 65
8 84
9 98
89 24
92 57
35 91
81 19
53 65
86 80
68 50
12 25
10 27
79 39
45 64
12 9
78 34
77 99
83 43
18 11
55 97
62 74
46 94
13 62
38 59
52 8
61 7
98 100
59 97
64 56
2 31
56 88
89 90
24 19
6 12
13 33
37 31
39 14
55 70
89 40
32 39
32 7
14 63
95 12
75 83
10 76
72 15
100 12
35 76
68 78
88 94
4 76
62 14
28 40
7 51
8 15
47 19
30 55
50 18
28 83
28 37
34 6
83 21
63 29
8 62
56 53
4 77
34 26
33 74
100 14
79 100
4 26
67 19
85 25
64 95
69 29
6 64
91 99
68 58
84 92
65 87
23 59
72 10
92 52
55 52
98 94
1 80
13 68
64 81
40 51
10 55
28 2
1 28
94 17
68 30
15 29
51 37
84 68
55 13
74 68
5 19
25 65
84 18
95 59
87 7
69 56
28 22
64 24
27 85
42 76
28 65
18 30
84 55
75 6
43 65
18 58
51 99
31 1
79 10
35 55
90 87
80 41
26 76
80 69
38 20
68 97
15 4
63 17
59 70
63 80
74 18
100 64
4 78
92 66
68 14
51 1
34 95
6 85
24 69
31 22
3 31
17 100
83 19
64 5
75 26
34 69
84 59
59 52
96 99
72 85
71 52
82 8
41 31
26 77
61 25
11 92
61 96
74 100
90 19
13 59
23 71
7 59
71 77
38 4
3 28
18 97
20 73
44 99
85 95
65 21
47 44
9 76
82 92
4 60
65 6
91 47
18 13
33 14
74 54
14 18
11 55
9 55
70 71
31 86
31 7
26 15
34 38
59 30
64 9
87 39
16 10
64 67
89 1
42 77
39 17
27 47
34 25
28 41
77 47
73 98
37 89
35 79
39 31
23 4
29 10
4 73
84 71
75 42
11 54
12 94
47 72
50 54
3 51
87 1
29 85
18 78
54 58
99 58
28 86
54 97
46 59
15 93
2 51
74 94
26 73
90 64
24 53
23 20
21 39
55 66
90 69
8 50
40 87
7 96
5 69
79 36
74 16
76 38
47 29
85 80
85 9
59 98
64 49
4 70
54 78
20 94
76 99
33 8
76 78
40 64
49 19
54 30
14 54
74 63
44 4
78 75
34 23
34 46
6 91
15 42
51 86
69 75
52 4
84 54
44 26
61 36
62 92
76 23
7 21
60 76
69 81
55 57
96 36
54 13
68 8
1 64
63 56
20 63
89 3
96 87
70 76
55 99
67 69
41 51
71 30
22 51
98 80
64 3
52 76
2 89
37 64
23 75
95 65
64 2
59 88
34 60
94 64
8 44
30 76
43 7
89 22
85 56
19 40
27 83
52 34
47 80
6 77
64 59
41 89
65 27
85 100
81 53
47 55
59 11
71 13
16 20
36 48
96 32
25 48
55 62
77 69
53 7
1 19
10 14
45 69
29 48
36 14
97 71
6 48
19 2
53 67
8 73
94 26
12 59
32 99
13 76
73 64
9 79
10 80
47 76
30 4
20 100
83 72
36 32
76 84
81 63
44 93
48 80
69 91
69 44
15 80
15 56
28 7
7 27
62 59
63 26
39 53
48 95
64 41
35 64
55 69
8 54
8 18
33 92
92 50
69 1
73 93
71 62
16 36
53 1
82 55
19 65
66 59
55 50
30 34
96 53
37 19
41 19
36 51
100 48
50 59
5 53
51 25
50 71
84 4
56 48
87 99
69 49
42 73
9 14
37 87
95 61
37 69
4 94
64 22
85 59
80 83
77 23
20 39
77 78
68 92
96 31
92 54
38 75
55 33
79 99
53 37
83 91
5 63
64 86
77 38
19 3
98 56
96 21
88 35
99 21
16 26
73 12
94 85
51 95
87 2
98 35
4 13
36 20
56 47
62 76
86 89
63 24
48 24
16 4
6 61
62 4
80 12
15 71
93 16
20 52
83 29
52 77
68 55
29 12
34 98
87 41
32 95
48 59
93 94
89 75
24 85
81 48
76 50
68 59
26 100
88 34
78 15
78 73
36 87
83 77
63 1
41 69
59 82
71 68
89 77
57 59
99 14
71 57
64 34
63 37
46 75
15 24
63 93
44 78
83 55
85 81
27 96
87 95
6 55
100 61
97 76
53 49
88 75
100 65
25 32
54 55
20 10
87 3
66 71
30 20
94 78
88 77
86 19
83 44
99 31
83 76
60 77
50 4
76 69
55 89
20 70
3 69
17 10
2 69
76 6
26 10
63 4
76 66
59 61
76 68
41 53
33 59
1 48
67 63
48 5
70 34
34 13
4 66
48 37
12 72
9 48
56 12
20 13
55 18
6 32
20 50
77 30
50 34
97 4
8 94
92 18
62 34
75 98
71 11
69 92
88 55
36 17
60 75
100 32
44 6
30 75
20 62
82 71
53 2
39 27
34 7
22 19
30 15
63 49
20 97
52 75
77 46
41 63
85 1
81 15
50 77
8 63
59 32
78 63
48 41
38 15
69 40
72 65
28 96
4 100
25 87
59 54
15 23
61 9
1 15
89 76
12 34
62 77
86 87
37 85
9 32
80 65
59 18
85 73
63 42
75 64
71 63
63 30
7 75
47 81
20 66
5 85
18 71
85 41
19 7
63 23
71 54
42 94
10 74
14 35
26 39
96 19
12 81
22 87
38 63
24 12
54 76
73 71
22 69
29 65
11 76
20 84
4 10
20 54
93 10
77 13
99 16
4 54
10 78
44 42
69 86
75 62
35 12
12 75
2 63
24 47
76 18
61 73
73 32
28 39
78 16
65 56
1 47
1 12
68 4
63 52
94 61
36 31
94 71
18 4
80 7
43 96
76 57
63 60
18 20
95 75
40 63
88 76
33 71
63 90
24 88
53 40
68 20
39 74
39 4
68 34
46 55
54 34
34 18
64 77
39 19
69 79
32 94
55 64
84 34
63 86
69 58
77 18
92 83
99 17
68 77
41 12
85 2
25 75
83 56
75 50
76 82
73 23
7 72
35 85
4 82
99 53
75 13
79 47
28 99
98 24
67 85
48 2
49 85
22 63
10 42
99 19
95 31
68 75
1 98
55 7
69 14
6 92
33 76
46 76
34 66
90 53
3 63
48 67
10 8
44 89
15 41
67 15
61 35
63 45
24 65
35 17
33 4
89 92
82 20
85 90
73 38
75 61
73 48
4 57
89 91
42 16
20 33
71 10
91 46
78 39
70 77
77 54
75 54
37 15
96 72
97 34
10 23
85 75
54 63
63 50
55 25
1 65
100 78
3 53
34 85
6 87
83 24
21 36
15 2
36 74
99 74
18 75
94 48
22 53
15 5
9 17
51 6
47 41
65 73
77 7
32 75
41 65
21 95
39 43
73 87
36 28
83 79
85 22
10 56
9 16
64 76
25 21
42 39
11 4
90 15
60 15
61 34
73 30
45 53
2 12
24 10
16 8
10 30
88 1
83 1
99 27
53 86
65 81
83 41
87 100
61 55
13 63
75 70
85 3
95 55
88 41
5 12
20 57
1 10
1 7
41 98
100 42
73 60
99 20
12 67
99 43
84 75
39 8
52 15
50 15
11 20
49 15
96 95
12 37
42 36
10 41
45 85
63 18
34 32
91 88
11 34
98 55
38 10
86 85
11 75
74 9
48 90
31 25
65 2
88 81
9 20
98 77
95 77
44 71
40 85
66 75
65 94
71 16
75 97
57 34
36 53
35 16
28 95
97 77
99 72
51 73
7 56
63 97
29 7
88 2
98 81
44 30
64 91
31 73
97 15
6 31
46 92
1 99
35 20
47 2
87 94
15 18
16 69
63 70
67 88
36 4
100 8
80 99
17 69
99 42
10 81
77 25
44 23
31 94
75 48
86 15
51 94
77 11
49 48
69 20
47 16
34 33
15 22
83 16
63 11
89 79
41 7
15 45
1 96
94 21
42 9
25 76
4 99
54 15
98 2
36 19
75 33
33 77
15 3
96 80
56 96
44 38
18 73
18 10
94 30
54 73
42 69
44 46
48 22
88 37
24 7
88 92
80 39
68 63
15 11
26 36
81 7
33 63
75 57
12 49
55 85
13 15
21 73
12 90
66 77
88 90
27 36
35 32
47 37
68 15
7 2
1 39
45 48
23 94
1 36
76 98
34 82
83 20
77 61
53 95
73 97
87 9
90 47
54 10
76 61
100 93
88 5
14 83
74 69
78 36
6 21
35 74
80 36
33 15
100 51
98 91
86 48
67 47
73 52
96 41
77 84
39 93
48 3
73 33
44 54
22 12
19 95
1 95
88 22
7 90
10 2
61 91
12 3
67 7
90 65
12 45
94 1
40 48
1 73
95 27
65 9
94 53
69 4
84 63
62 63
67 65
52 10
98 67
41 99
75 65
36 43
47 20
9 4
83 17
11 73
11 10
44 11
14 47
25 91
41 36
26 69
50 73
64 92
64 44
6 79
35 4
66 63
76 95
15 70
36 72
11 94
69 78
45 88
9 26
9 78
15 84
24 96
71 100
22 47
94 28
65 59
94 54
82 75
36 93
73 68
61 92
6 14
85 77
55 32
16 6
85 76
34 65
47 5
2 83
77 82
99 26
17 47
77 32
10 50
28 73
18 44
54 16
52 44
3 88
94 38
41 39
94 27
24 36
78 99
56 36
100 54
56 99
95 43
74 47
35 78
99 24
29 96
5 65
95 91
44 50
44 33
60 44
94 19
27 73
12 55
11 100
100 30
100 21
1 25
8 36
39 24
77 57
71 36
65 35
40 15
67 10
32 76
4 47
28 25
11 16
67 83
86 12
9 51
6 20
36 29
41 95
15 62
84 73
88 86
93 69
2 96
21 9
64 79
62 73
25 92
50 94
30 16
73 70
6 1
75 21
71 39
55 65
72 39
30 39
23 100
34 48
68 44
29 99
57 63
82 63
83 74
94 96
47 3
74 6
91 32
51 75
27 25
40 12
29 39
90 10
100 1
87 75
56 39
16 64
40 88
10 60
100 38
7 76
72 95
15 66
6 27
65 22
9 1
15 82
5 7
91 85
53 73
2 39
76 65
40 47
67 96
7 22
7 3
69 8
96 73
84 44
87 59
22 10
65 3
15 57
23 16
62 44
91 7
94 43
98 92
41 94
11 39
40 7
65 40
45 47
2 36
38 16
39 38
44 25
90 98
70 44
41 73
96 25
94 18
13 73
18 100
26 35
92 95
56 95
47 58
22 98
71 69
7 45
100 50
22 96
53 25
96 81
98 3
55 48
52 100
93 99
97 44
59 51
45 65
49 88
26 47
82 73
30 36
23 39
49 47
10 70
64 14
11 36
44 82
35 48
10 3
47 78
16 50
56 94
94 72
78 83
65 49
100 60
73 72
88 44
29 94
86 47
93 9
2 99
55 87
97 10
13 44
94 60
96 3
2 94
57 73
86 65
34 87
16 60
83 3
96 6
50 39
7 49
98 5
65 37
12 76
56 73
12 91
99 8
67 36
93 47
73 66
37 7
83 58
44 66
98 37
44 57
32 92
61 44
90 96
10 13
49 98
14 89
10 33
20 64
85 92
25 41
18 16
62 10
94 52
60 39
94 62
9 27
99 71
94 33
94 24
99 67
87 35
4 83
38 36
33 100
95 2
72 25
94 70
50 36
49 96
10 49
44 98
11 69
96 9
1 75
7 86
38 69
70 100
46 79
36 23
14 46
83 22
14 61
33 16
96 37
22 36
64 74
10 57
6 78
61 79
67 39
36 60
81 83
36 54
95 24
79 25
25 56
33 36
6 58
27 100
93 35
81 36
56 6
16 52
99 22
20 61
25 24
51 55
26 83
69 23
10 37
6 53
48 76
18 36
69 50
69 60
8 9
16 70
97 94
21 59
10 82
48 91
33 39
8 47
44 32
33 69
68 10
33 99
98 45
94 57
6 72
52 36
10 45
55 21
100 97
100 57
99 60
50 99
22 39
93 83
20 89
21 35
85 44
24 73
12 77
77 48
81 99
16 61
39 81
39 18
22 94
25 19
16 57
67 94
98 86
94 68
57 36
33 9
88 79
85 79
34 21
98 40
88 14
90 83
94 13
9 56
55 1
10 84
95 22
83 8
78 64
65 77
79 98
34 51
62 100
23 99
99 3
10 86
83 42
99 90
83 37
94 81
66 10
84 94
77 87
100 13
68 100
25 14
89 16
39 3
6 26
10 40
39 54
61 74
43 25
25 22
9 71
6 4
9 60
46 20
66 94
69 18
25 20
100 56
62 16
90 39
9 72
71 83
29 95
8 35
39 37
96 45
20 88
96 40
35 42
54 69
4 64
95 67
96 100
30 69
75 96
100 66
36 90
34 1
5 10
96 86
89 74
95 44
57 69
55 96
38 99
83 49
16 97
89 78
25 29
100 84
