3461
100
38
39
62
31
22
92
76
26
36
36
24
51
64
76
39
75
36
84
37
10
95
83
57
84
19
36
60
53
47
11
71
55
72
43
14
40
87
11
73
22
16
86
94
92
97
53
76
14
95
67
95
48
68
42
23
69
87
26
60
19
14
97
92
61
54
23
51
14
10
86
95
26
27
88
97
27
91
32
23
74
58
61
81
72
32
48
60
57
20
82
23
47
84
67
77
82
39
18
55
99
7 1
10 3
53 4
64 10
2 16
53 2
80 18
48 19
91 21
98 26
17 27
24 32
60 39
89 40
29 41
37 42
15 37
80 44
96 46
35 47
17 48
38 49
79 38
28 52
22 53
95 22
66 55
9 56
51 9
30 58
5 61
35 5
15 35
80 15
14 63
7 64
14 7
83 14
25 66
36 25
76 67
24 68
72 69
54 74
85 75
30 76
89 30
78 79
59 80
6 82
51 84
90 85
29 88
51 90
94 51
71 91
43 71
86 43
65 86
73 65
34 92
96 34
95 93
72 94
45 96
57 45
8 57
78 97
59 78
81 59
23 99
60 23
20 60
81 20
11 81
13 11
98 13
89 98
6 89
29 6
17 29
95 17
62 95
54 62
12 54
50 12
36 50
83 36
70 83
8 70
72 8
24 72
77 24
31 77
33 31
87 33
73 87
28 73
28 100
10 7
83 63
67 30
40 98
86 73
60 81
8 45
90 75
89 76
54 50
29 82
61 35
33 77
99 60
92 96
59 97
22 2
72 70
97 81
6 88
73 43
49 79
97 20
84 90
64 1
11 98
48 27
33 24
10 1
100 73
73 33
62 93
9 84
17 22
89 29
28 33
91 43
9 90
64 14
95 53
37 80
17 53
81 98
24 94
47 15
15 18
80 42
89 58
60 97
79 97
55 25
81 78
15 59
12 74
8 69
24 69
18 59
54 93
25 50
15 42
84 56
98 76
28 87
44 59
72 83
66 50
98 29
27 95
59 98
97 44
46 92
96 8
76 59
38 97
37 47
6 98
93 74
27 19
97 80
46 8
1 14
15 5
95 4
47 42
8 92
8 24
37 18
53 16
72 36
35 37
42 18
50 74
67 89
75 84
7 3
40 29
65 43
24 51
44 18
2 17
17 62
49 97
49 78
17 16
77 87
84 85
25 74
63 64
59 11
17 93
12 25
51 56
38 78
13 59
85 51
93 12
76 58
63 7
57 96
51 75
3 64
66 36
97 18
74 62
14 10
34 8
81 13
50 72
86 100
83 7
28 86
21 71
68 32
44 15
89 88
26 59
80 81
72 63
17 19
26 76
86 87
40 41
74 36
8 83
36 12
69 94
58 67
89 41
36 54
80 47
33 68
37 5
91 73
87 100
3 1
54 25
68 94
42 35
43 21
31 87
63 1
33 32
61 37
93 50
88 98
81 49
97 23
23 81
14 3
17 4
1 83
22 16
46 45
24 92
51 68
36 55
95 48
50 62
85 9
63 10
30 98
34 46
42 59
32 94
94 33
61 15
88 82
10 83
97 99
45 92
94 8
55 50
68 72
47 5
100 52
82 98
85 94
74 95
81 99
78 98
59 60
