5204
100
91
11
36
34
41
71
15
71
88
95
69
36
83
69
34
66
63
41
55
17
22
29
75
36
58
33
61
24
34
25
27
16
93
35
95
65
35
99
100
17
87
45
87
84
95
27
95
10
32
77
99
47
25
48
78
94
96
78
23
46
11
23
34
22
69
89
71
73
71
86
56
100
18
80
44
78
78
36
17
34
87
27
60
97
100
64
23
91
21
67
78
62
89
82
18
84
90
28
35
100
95 1
88 2
92 3
91 6
69 10
31 12
57 14
58 19
88 23
94 24
67 26
44 28
76 29
18 31
59 18
11 32
77 47
36 49
42 36
88 50
39 51
13 39
22 56
66 59
53 60
91 53
41 61
58 41
42 58
17 64
91 17
46 65
22 66
73 67
94 68
16 72
40 16
20 40
25 20
45 73
57 45
69 57
8 69
30 8
55 30
25 55
99 74
77 75
46 76
33 46
54 78
11 79
99 81
38 82
21 38
13 21
42 84
43 42
22 85
11 22
34 11
5 34
83 91
89 83
90 93
87 90
27 87
52 27
33 52
15 33
15 94
71 15
13 71
37 13
96 37
62 95
70 96
5 70
62 5
43 62
48 43
80 48
89 80
77 98
9 77
4 9
25 4
97 25
35 97
92 35
44 92
86 44
89 99
54 89
63 54
7 63
88 7
86 88
86 100
70 34
54 7
47 75
23 2
62 34
65 33
6 17
91 60
13 38
10 8
71 21
14 45
55 8
40 72
45 67
66 18
27 90
58 61
51 13
22 59
45 26
64 6
71 38
9 75
25 9
71 33
91 89
11 85
33 94
35 25
66 31
70 37
26 73
25 92
93 27
27 33
41 19
95 34
17 89
25 40
66 12
57 8
75 4
18 22
86 92
84 36
18 85
80 43
89 48
60 83
14 26
34 79
92 28
30 25
91 64
11 18
38 33
75 98
54 91
25 8
7 50
31 59
43 89
1 62
15 46
33 24
11 70
9 47
53 83
14 67
74 81
19 42
87 52
9 30
8 14
88 100
79 85
8 9
34 1
10 57
93 87
67 57
100 50
41 42
38 39
33 13
34 85
42 80
90 52
100 7
41 80
48 42
50 86
4 47
92 100
29 46
85 70
91 43
7 86
90 33
12 18
96 13
86 25
100 2
42 61
73 14
92 20
98 9
88 63
1 5
52 93
89 64
8 67
49 42
67 25
13 70
45 8
11 56
68 24
74 89
47 25
71 94
80 61
72 20
71 70
48 41
34 43
61 19
33 76
76 65
86 28
48 34
62 48
6 89
17 83
15 13
49 84
40 92
45 10
33 29
54 17
4 8
80 19
4 92
100 44
43 36
4 30
9 67
98 47
17 78
47 30
10 14
89 60
82 71
6 54
20 16
72 92
46 94
41 43
18 32
24 15
27 76
39 71
83 54
89 78
27 29
21 39
25 75
7 2
1 48
92 50
17 60
83 7
37 71
22 31
2 86
100 28
48 91
48 5
92 97
82 13
75 30
54 88
21 37
64 99
54 64
94 13
74 64
5 11
53 89
72 25
23 86
47 8
72 3
82 39
76 15
71 46
85 56
54 2
35 86
90 76
30 98
69 14
4 98
1 70
48 19
79 70
93 33
43 84
35 50
68 15
49 43
48 70
91 99
87 33
48 61
4 77
11 66
22 12
25 57
43 60
70 18
43 53
36 80
35 100
85 66
27 46
47 92
79 37
87 76
19 43
37 39
53 17
5 43
6 99
92 16
36 19
11 1
27 15
43 61
16 25
83 6
53 6
2 50
2 83
78 91
56 18
27 94
37 11
54 100
78 6
67 4
78 83
92 30
34 37
44 50
34 42
98 25
81 64
98 92
72 97
23 7
48 36
31 11
85 1
67 47
27 65
35 44
39 33
52 76
51 37
58 80
61 36
53 54
11 12
65 29
65 87
48 49
70 39
30 40
49 80
54 86
63 100
65 90
83 43
43 1
91 74
50 25
18 34
14 25
58 43
76 93
44 25
9 55
85 32
34 66
12 85
45 69
33 68
54 60
56 12
85 5
95 48
2 60
94 76
49 19
84 80
29 90
6 74
13 11
41 36
86 97
84 48
60 6
1 18
68 46
58 48
79 18
9 92
44 97
88 35
13 34
96 39
37 18
34 71
77 25
54 43
36 58
54 23
2 43
34 39
60 78
38 15
92 75
47 40
21 33
33 37
40 98
51 70
34 49
1 79
85 31
17 43
34 84
55 4
98 16
1 66
98 72
56 66
33 70
31 32
50 54
44 72
16 47
46 90
1 22
23 100
46 13
58 49
90 15
18 13
97 50
16 3
40 3
37 38
48 17
81 6
62 70
48 53
60 7
59 11
12 1
68 76
23 63
57 47
72 47
88 44
65 52
13 76
95 70
63 86
40 9
16 30
29 15
64 78
47 3
2 35
75 40
15 37
54 35
46 24
88 92
84 19
92 77
97 40
37 1
32 66
69 67
10 67
31 1
65 15
62 49
41 49
54 48
26 69
50 60
87 29
93 65
59 1
69 73
78 53
94 37
88 97
37 82
15 21
16 97
49 5
87 15
97 47
43 6
85 37
5 84
12 59
77 30
3 25
17 99
55 47
80 34
1 13
94 65
34 19
64 83
19 89
56 31
77 8
43 7
49 89
75 8
55 75
83 48
25 45
73 10
34 36
99 78
34 31
48 85
10 25
46 87
73 8
37 46
34 89
63 2
69 25
50 63
45 47
67 55
88 60
37 5
52 15
85 59
16 9
30 72
69 47
64 60
15 93
34 51
92 2
94 29
71 96
51 71
38 46
2 91
32 1
50 28
83 99
35 28
82 33
80 17
94 90
61 49
81 91
48 37
25 88
25 100
48 6
13 27
56 1
61 84
55 77
89 2
83 50
3 30
61 34
76 37
20 30
1 49
68 37
26 10
80 53
11 39
97 100
55 98
50 72
4 45
32 56
50 23
17 74
5 95
57 73
70 66
37 66
89 42
67 77
12 34
48 11
34 22
86 60
80 91
34 59
72 86
97 98
4 40
25 73
79 66
80 83
97 30
96 33
94 87
51 96
86 40
96 82
54 92
97 28
92 55
81 17
79 59
68 13
87 13
91 7
70 49
2 44
30 67
57 26
32 12
13 66
49 95
56 34
43 70
79 31
58 34
46 52
18 48
41 34
25 28
52 94
45 9
59 70
43 78
60 100
45 30
85 43
83 100
94 93
53 19
96 34
74 78
78 81
37 24
92 63
67 75
13 52
7 92
13 24
87 37
61 89
56 59
53 64
29 52
84 62
88 83
83 86
29 13
43 86
8 92
40 77
79 12
92 23
77 45
3 97
69 77
15 39
89 41
17 19
89 81
3 86
41 84
35 23
60 23
14 47
26 8
86 30
69 4
79 56
71 11
31 70
20 97
76 24
85 13
33 51
47 86
38 96
79 13
18 39
79 22
65 13
29 93
69 9
98 3
55 45
44 54
17 61
13 59
1 84
44 30
7 35
99 54
58 89
85 49
33 34
43 11
63 35
72 100
1 42
6 2
42 17
75 16
30 50
43 64
80 6
86 98
98 50
89 36
32 79
34 82
9 14
83 81
35 60
78 2
5 42
21 46
75 97
47 50
85 39
41 17
59 32
12 70
98 20
2 53
12 13
42 53
87 24
70 22
61 53
44 23
10 47
32 34
63 60
72 88
53 7
70 56
2 25
82 70
73 47
64 2
89 7
93 46
82 51
90 13
23 25
37 65
2 17
48 60
34 38
40 50
14 4
3 50
100 43
6 42
68 87
61 6
65 68
32 70
50 43
83 35
99 2
14 77
1 41
29 37
92 60
34 15
25 26
4 73
71 29
63 83
51 38
60 44
38 29
81 2
19 1
84 58
83 61
84 89
55 40
43 88
96 11
91 86
10 4
8 40
58 1
99 53
61 1
55 14
1 89
51 15
63 43
43 99
6 19
56 13
98 44
48 64
11 82
41 53
65 24
4 16
23 97
19 5
15 96
48 66
86 89
38 70
98 88
4 57
6 7
25 60
47 44
16 55
40 44
20 3
11 51
13 93
36 53
37 43
47 20
34 21
8 98
82 18
32 13
44 3
86 20
72 23
34 53
35 43
79 39
6 41
67 92
97 9
21 29
40 67
45 40
71 18
13 31
50 20
54 81
14 30
11 38
64 7
57 9
74 54
20 75
51 18
37 27
48 79
82 15
85 82
77 16
43 66
7 44
78 48
64 80
98 23
9 73
43 81
19 62
43 74
18 38
29 34
74 2
98 100
83 19
53 84
8 16
48 2
6 84
30 23
45 75
52 37
66 39
60 99
60 97
13 22
92 83
93 37
35 91
61 91
60 28
81 53
20 9
47 26
72 75
67 98
9 72
65 71
43 79
48 99
18 96
68 93
80 78
23 83
5 58
90 37
42 83
27 71
17 7
16 67
20 55
22 37
84 70
53 58
39 29
69 30
27 68
25 54
29 82
60 81
50 16
96 85
68 52
93 71
16 45
6 34
40 23
100 30
83 44
48 81
7 48
85 71
86 53
100 40
37 31
30 57
4 26
9 50
37 49
14 16
34 46
21 93
50 91
85 51
98 45
74 60
44 20
80 1
68 90
63 91
75 14
14 40
25 83
91 100
21 82
23 28
60 80
2 80
93 38
46 39
53 100
83 41
27 24
97 2
34 17
53 49
1 53
43 18
66 96
96 29
21 94
99 80
17 86
86 6
12 37
25 7
98 60
65 21
20 77
93 24
100 89
88 91
5 80
39 12
2 61
83 74
20 8
2 19
1 36
92 91
7 78
82 46
48 12
5 89
65 38
13 48
92 43
61 5
91 23
61 64
25 91
36 5
12 43
53 63
8 97
48 31
17 100
97 83
39 1
26 9
42 62
31 43
16 69
50 75
45 92
16 86
51 66
5 79
19 70
79 96
84 17
74 53
22 32
33 18
8 72
37 84
35 53
60 72
65 82
5 41
82 66
41 62
71 66
6 36
57 77
56 37
70 41
44 91
56 39
2 98
68 29
39 31
83 34
53 88
9 86
6 58
7 97
26 30
3 100
88 89
20 100
91 97
81 80
48 56
75 86
32 37
2 42
74 48
71 52
54 97
43 13
29 51
37 59
24 52
91 98
7 28
98 35
42 70
63 97
34 65
71 68
19 95
53 5
70 89
77 72
22 48
4 20
44 16
97 43
92 14
19 37
9 3
19 91
39 59
55 69
44 63
77 26
9 10
8 86
62 37
88 17
7 98
42 95
5 18
48 59
67 20
3 75
71 76
21 52
43 59
53 97
5 6
55 72
7 72
28 98
54 98
28 54
85 84
72 2
7 40
95 84
43 22
1 6
7 81
43 95
84 83
32 39
40 88
90 24
97 77
36 17
11 33
54 72
95 41
98 14
17 1
67 72
98 69
73 77
72 35
82 79
83 1
70 53
70 58
28 88
51 46
8 50
5 13
40 54
91 72
2 34
73 30
51 21
83 98
7 99
96 12
80 7
40 35
7 74
32 96
21 96
55 97
69 92
51 79
53 62
5 31
73 16
4 72
18 29
65 51
94 38
16 26
74 80
21 68
40 2
43 23
60 40
43 44
91 40
28 72
29 70
29 24
20 23
39 22
72 83
70 21
12 82
99 61
55 26
26 92
17 58
75 69
44 75
3 8
40 69
100 47
26 98
36 70
43 72
96 46
43 25
30 60
14 72
92 73
57 16
96 56
54 30
53 95
82 93
70 15
18 21
83 28
3 55
76 21
88 30
84 31
53 23
44 53
32 48
74 86
1 96
12 51
80 54
35 89
2 84
53 92
89 63
28 2
83 36
97 67
88 6
56 82
69 72
86 55
59 5
34 93
12 71
10 77
68 38
7 30
91 28
82 68
41 2
66 33
96 31
46 70
11 84
78 86
86 48
38 52
54 61
2 36
46 18
98 73
82 94
86 99
76 38
56 51
72 45
46 11
20 45
36 91
39 48
86 64
22 96
91 42
27 38
78 61
97 89
21 27
82 27
16 10
37 95
99 42
97 4
64 42
65 96
93 51
5 17
53 50
71 90
30 35
71 79
88 74
49 6
49 17
9 44
51 94
89 44
54 20
37 42
13 84
34 94
34 68
66 38
32 43
82 31
82 32
67 3
100 16
62 85
34 91
77 3
84 91
53 25
21 90
96 59
8 44
69 20
14 20
97 69
64 19
34 64
78 42
69 3
55 73
83 58
17 97
68 51
38 12
85 38
27 51
100 8
19 78
88 64
89 62
5 12
56 43
90 38
43 98
20 7
37 41
92 57
40 26
5 83
2 5
54 16
30 10
71 56
3 54
44 55
53 72
51 90
37 53
40 43
38 87
86 69
64 36
76 51
4 3
37 89
71 31
54 8
98 57
89 85
89 95
84 64
38 79
95 58
61 81
63 17
89 50
45 97
100 75
43 39
93 96
98 53
6 70
82 22
92 10
40 73
33 12
93 70
41 91
85 42
89 13
95 6
59 82
85 19
86 4
46 66
80 70
91 30
88 99
32 5
45 3
75 26
63 72
59 71
87 21
49 13
41 85
53 28
83 40
69 44
51 31
5 66
92 89
3 23
96 68
69 50
17 70
55 57
28 43
41 64
11 29
81 86
82 1
96 94
78 41
78 88
74 63
50 55
63 28
34 27
86 80
75 73
4 44
28 40
89 28
75 54
81 42
34 76
6 63
84 78
88 81
38 24
89 31
41 81
96 48
44 77
24 21
1 71
51 59
1 51
67 44
51 32
7 3
57 75
83 30
60 3
75 23
39 5
62 58
63 99
78 36
39 84
7 61
70 68
61 70
7 42
3 88
88 80
5 56
33 85
6 100
72 89
51 52
34 52
87 51
4 50
95 85
66 84
68 39
98 10
3 91
95 80
30 43
73 20
61 95
3 35
77 86
96 43
62 6
20 26
60 61
84 56
42 60
63 25
50 77
72 73
38 59
17 35
18 15
63 80
13 42
21 11
37 6
17 28
55 10
26 72
57 40
81 36
95 17
41 99
63 64
83 49
65 70
41 7
53 40
46 12
81 84
82 48
91 20
68 18
81 19
3 73
63 40
15 11
10 40
96 27
37 58
66 21
82 43
77 100
75 7
94 70
61 62
27 70
87 71
2 58
30 28
23 8
32 71
69 100
85 53
40 89
88 48
18 27
48 71
70 52
17 62
84 18
52 82
25 89
4 100
91 58
71 24
79 33
75 91
32 84
33 59
51 48
54 4
2 49
58 64
12 21
51 24
51 43
82 5
56 33
57 20
7 19
43 71
12 84
50 67
91 5
17 50
69 54
34 24
28 6
17 72
75 10
71 5
80 28
34 78
35 20
83 3
21 85
21 59
84 7
65 18
96 5
56 89
94 18
10 20
96 52
33 32
76 70
17 44
92 17
61 88
87 34
40 17
81 34
97 73
27 39
23 16
83 70
11 68
100 9
39 94
74 61
86 61
37 17
28 99
97 14
60 20
95 36
99 100
51 5
72 99
47 54
96 84
99 97
99 50
58 81
91 16
11 94
70 24
22 71
79 84
74 28
63 98
34 90
15 66
8 91
58 85
67 86
56 38
13 95
73 50
30 2
26 97
79 21
63 61
84 71
87 70
43 33
46 59
5 81
10 72
12 89
6 72
56 49
22 5
48 33
90 70
82 76
87 82
3 14
12 15
84 59
7 36
39 65
33 5
24 82
38 32
3 28
2 70
89 23
64 28
40 99
3 2
24 96
95 83
17 85
63 48
41 60
5 64
45 50
18 24
82 90
100 80
50 6
46 85
100 67
11 27
100 74
42 86
62 83
58 13
47 91
11 89
64 100
88 42
68 66
66 27
84 22
91 69
36 60
30 63
61 100
74 42
16 7
96 90
53 30
15 85
17 23
4 91
96 87
35 75
90 18
45 86
3 26
54 77
66 94
89 39
51 22
72 57
15 59
33 31
40 6
2 20
32 21
89 32
28 20
32 15
35 16
96 76
85 68
18 89
15 79
19 13
36 99
3 53
50 74
86 36
63 81
79 46
3 10
62 36
41 86
50 64
2 95
13 53
99 23
38 31
36 37
64 49
85 36
4 23
15 31
86 73
85 27
72 64
89 59
92 99
10 97
88 41
86 19
84 82
4 35
18 76
88 20
45 44
100 81
11 65
85 94
82 89
30 89
79 89
22 89
13 17
24 11
58 56
58 12
18 58
12 68
85 29
1 33
100 45
36 88
7 4
39 24
48 38
8 7
18 87
47 23
74 72
51 84
44 99
52 18
37 83
78 63
58 31
56 42
83 20
38 1
89 96
59 68
2 75
89 51
5 38
11 76
38 43
83 75
3 43
92 6
29 66
13 36
86 84
85 24
43 15
15 56
63 42
86 10
14 86
35 99
41 74
60 84
15 1
93 18
54 67
37 61
45 54
17 56
62 80
33 22
37 80
97 57
94 59
2 62
69 23
98 89
79 68
58 11
49 81
68 32
87 11
25 99
31 68
56 68
60 75
50 10
11 90
5 15
64 95
28 75
88 84
89 71
49 18
100 55
28 61
2 1
58 51
85 65
4 28
44 73
59 29
38 22
56 95
58 32
57 3
18 17
21 56
50 80
17 25
44 10
99 84
41 13
48 100
70 64
16 28
8 35
16 60
12 29
95 81
85 6
83 16
28 48
62 64
74 84
64 1
84 38
100 78
54 42
85 76
77 23
91 49
11 93
2 16
8 28
83 85
97 6
14 44
82 58
68 1
8 83
63 41
69 28
16 88
55 54
13 83
58 22
41 56
34 7
9 54
84 33
64 97
98 99
50 14
86 57
89 33
30 99
19 88
35 69
84 63
27 59
98 17
85 61
10 54
54 41
50 57
59 24
2 8
28 81
93 85
23 6
17 22
91 77
45 23
89 3
35 47
68 43
10 100
11 52
49 78
13 62
23 67
80 85
53 56
39 58
22 15
85 2
23 9
50 48
52 85
94 12
21 43
99 19
81 62
90 85
39 93
68 5
39 52
89 20
36 56
50 61
80 13
17 51
43 20
31 21
91 95
53 20
99 3
39 17
30 17
34 86
71 58
16 89
21 1
58 79
26 86
86 49
64 85
31 46
39 90
75 88
29 79
48 15
9 91
27 12
1 81
81 85
59 58
71 17
1 91
50 26
18 41
62 91
57 44
29 31
7 49
28 78
18 95
1 86
45 91
59 65
7 1
81 70
87 85
8 60
43 16
94 79
46 43
17 12
