9291
200
82
61
42
82
63
24
41
52
35
47
34
13
35
83
66
16
33
57
96
35
24
57
96
66
43
11
70
93
92
93
90
12
84
23
30
94
92
83
12
32
27
23
52
48
95
30
67
13
15
48
42
85
18
18
77
84
70
43
60
43
59
16
84
30
57
90
25
71
44
20
30
87
42
41
45
98
79
35
28
33
100
13
26
45
58
25
60
27
29
37
80
10
66
38
23
98
78
77
74
15
95
90
51
99
82
12
86
48
72
65
59
89
89
32
29
59
38
16
66
18
49
68
29
19
54
62
88
64
92
17
33
23
67
87
20
94
57
29
24
39
66
28
17
39
12
42
98
94
46
25
37
33
22
29
38
18
71
62
57
37
25
33
52
91
17
86
64
44
10
63
44
36
37
44
51
89
23
34
33
41
85
30
93
27
74
16
22
68
33
11
60
51
47
47
62
30
45
64
51
58
86 2
52 5
130 6
175 7
68 9
81 13
12 18
42 12
181 21
198 24
44 26
75 34
160 37
59 38
149 40
42 43
170 45
106 46
159 50
17 56
4 17
194 57
95 60
29 61
52 62
41 52
103 41
124 63
16 67
51 68
91 75
130 77
91 79
143 86
71 87
144 89
101 91
147 92
150 102
114 103
36 104
49 36
98 49
189 106
81 109
97 81
14 111
197 112
143 113
96 114
78 117
11 122
15 124
200 126
54 127
1 54
32 1
85 32
172 85
134 128
71 129
66 133
131 66
84 131
88 84
145 88
144 134
10 135
115 139
99 140
189 141
121 142
105 121
39 105
198 39
119 143
59 119
93 59
168 93
149 144
73 145
48 73
14 146
97 14
71 97
3 147
16 3
90 16
47 90
95 148
82 95
48 82
150 151
196 152
31 153
94 155
125 94
101 159
30 160
125 30
167 125
19 163
44 19
170 44
130 164
58 165
137 167
33 137
83 168
55 169
123 170
161 171
96 172
96 173
166 96
177 166
191 175
161 177
20 161
192 20
55 179
187 55
99 180
78 99
8 78
174 8
187 174
110 182
149 110
157 149
108 157
98 183
11 98
51 11
132 51
48 132
70 184
162 70
178 162
15 178
53 15
76 185
138 76
107 138
28 107
200 28
116 186
74 116
158 74
83 158
101 83
123 101
188 123
29 188
42 29
187 42
35 187
53 189
118 53
27 118
176 191
100 176
33 193
100 194
115 100
120 115
150 120
181 150
10 195
23 10
47 23
181 47
64 181
27 64
31 27
22 31
33 22
190 33
69 196
154 69
58 197
80 58
108 80
154 108
156 154
4 156
190 4
136 190
198 136
130 198
192 130
72 192
25 72
71 25
65 71
48 199
35 48
65 35
65 200
138 185
33 31
134 89
85 96
152 69
41 114
61 188
48 145
155 125
50 101
107 185
180 78
33 153
164 77
112 58
57 100
53 106
182 149
64 21
194 176
124 178
32 54
96 41
72 71
150 115
189 118
144 128
82 148
178 63
25 65
60 82
36 98
34 91
29 123
16 47
199 35
161 166
169 179
98 104
164 192
131 133
17 156
48 51
88 131
130 72
167 33
193 22
58 108
101 168
107 76
156 69
128 89
200 107
167 155
127 32
60 48
3 92
122 51
187 169
45 123
169 174
43 12
39 121
156 196
27 189
24 130
93 119
136 130
10 47
175 176
32 96
31 193
56 156
41 173
32 172
176 7
100 150
1 96
81 14
143 2
26 19
63 15
119 38
40 182
78 174
189 46
170 101
93 38
150 47
37 30
116 158
154 157
39 136
188 170
156 190
65 48
27 181
101 158
53 141
135 195
40 110
126 107
71 48
154 149
79 34
95 48
6 77
11 49
170 19
15 162
98 122
119 86
184 162
47 195
100 181
15 141
118 181
125 33
125 37
125 193
157 40
199 145
53 46
42 18
150 118
9 51
183 122
131 145
63 162
94 167
76 126
8 169
145 84
198 190
130 39
200 76
187 179
171 20
18 43
71 130
152 156
168 59
126 185
187 8
53 63
75 79
65 95
140 180
145 133
31 181
123 50
16 92
27 21
145 66
37 167
99 8
120 102
29 187
109 14
150 195
164 24
72 20
180 117
42 55
2 119
31 125
171 166
11 183
72 171
17 190
166 85
101 188
144 182
96 54
111 146
156 149
48 9
124 53
121 136
66 84
22 153
8 35
196 154
117 99
192 171
111 97
171 85
16 181
26 170
54 85
38 86
1 41
25 48
164 6
35 95
87 129
37 33
52 114
150 10
103 52
66 88
200 185
42 123
72 164
33 136
159 123
130 171
55 12
57 176
16 147
114 1
110 144
189 181
80 165
95 51
194 181
196 17
150 23
198 4
15 189
101 79
165 197
136 4
80 197
88 48
42 188
198 17
97 146
17 136
177 171
47 3
166 20
98 51
94 37
92 47
28 185
121 130
166 54
67 181
42 179
169 42
171 54
28 126
3 181
29 170
77 24
119 168
184 15
58 157
92 181
177 20
83 74
100 120
97 109
36 11
21 31
153 193
177 85
94 30
2 38
141 63
158 91
187 188
143 38
136 156
55 18
83 59
136 193
135 150
65 107
80 157
154 152
36 51
102 115
78 140
182 157
130 20
108 165
165 112
49 104
114 54
60 35
31 64
11 95
17 39
138 126
83 93
181 57
35 200
32 114
99 174
181 22
171 164
78 169
167 30
101 19
53 178
94 33
170 159
72 161
80 112
13 14
159 45
30 155
63 184
157 165
136 142
83 116
154 17
8 140
93 143
113 2
60 65
190 39
86 113
174 35
189 31
8 180
88 199
181 176
127 114
114 62
113 38
60 8
197 108
100 175
158 50
172 54
15 70
158 186
168 38
35 82
65 28
109 111
25 95
112 108
31 118
74 186
25 97
61 187
169 188
13 97
190 130
92 67
48 72
52 1
131 199
32 166
63 189
69 17
47 147
147 181
95 9
39 4
60 25
128 149
186 83
140 117
53 181
85 114
178 141
129 97
190 69
28 76
17 130
67 147
178 189
103 1
69 4
189 124
40 144
81 71
26 163
65 51
119 113
130 142
1 62
11 48
41 54
141 124
109 13
104 11
117 8
112 157
71 20
93 101
162 189
87 97
8 48
171 32
164 20
146 109
134 149
82 65
93 113
106 181
157 144
181 193
35 25
162 124
179 188
39 156
124 184
39 33
157 197
169 29
110 134
22 64
62 41
141 162
18 179
97 48
136 31
120 139
34 101
39 31
119 83
13 146
150 57
65 76
149 89
110 157
13 111
194 175
193 167
84 199
100 102
110 89
79 158
48 81
183 51
163 170
38 83
52 96
49 51
60 71
126 65
199 66
81 87
65 72
123 19
193 137
55 43
150 189
174 180
35 169
156 198
7 194
116 101
101 29
100 139
39 142
101 42
84 133
159 158
148 48
83 50
75 101
101 163
124 70
139 102
139 150
78 187
199 133
1 173
37 155
47 189
183 48
64 193
136 105
159 83
48 122
190 196
13 87
110 128
143 168
1 5
5 62
136 22
117 174
36 183
181 15
48 66
172 114
154 144
181 178
39 69
48 20
130 156
193 39
33 30
177 54
24 192
169 99
156 24
84 48
35 76
170 42
51 104
59 101
182 128
95 8
28 138
91 50
34 158
78 188
181 46
174 95
178 184
44 163
155 33
156 164
164 198
61 169
22 27
174 140
13 71
170 169
171 71
109 71
68 95
103 62
31 53
35 107
24 6
23 181
101 26
160 125
89 182
100 191
183 49
122 49
56 190
128 40
58 154
158 59
190 24
7 100
83 123
184 141
180 169
18 187
31 46
169 117
171 48
35 28
161 164
111 81
90 147
18 169
198 33
53 150
112 154
52 173
179 12
33 160
154 190
148 35
110 154
187 12
125 137
85 20
196 4
179 43
143 83
187 117
101 44
10 181
195 151
55 188
103 5
53 27
4 130
194 191
154 4
171 65
1 172
156 110
168 158
65 148
131 48
177 32
193 198
39 154
90 181
161 130
105 142
101 186
131 35
47 135
142 156
157 128
123 26
78 29
74 101
198 77
72 97
49 48
9 65
40 154
168 116
20 65
170 83
7 181
200 138
29 55
21 189
43 187
176 150
146 81
140 169
48 68
50 79
105 130
104 183
113 83
181 141
3 67
85 1
73 66
14 71
28 95
70 141
96 62
19 29
39 125
154 182
83 2
196 39
164 166
69 136
35 71
187 99
106 178
189 64
199 60
47 67
122 36
14 48
44 123
166 1
29 159
24 72
65 185
29 179
18 29
33 156
100 23
41 32
109 87
95 76
193 94
31 106
74 168
186 50
149 58
152 39
130 69
33 4
43 169
128 154
27 193
149 112
64 153
57 7
161 85
24 171
20 32
61 42
150 67
106 15
4 142
74 59
71 146
48 36
139 23
5 41
155 193
175 57
188 99
123 169
189 22
67 10
69 142
85 41
39 155
56 4
143 59
178 70
181 139
56 136
129 13
113 59
71 111
53 162
191 57
188 19
183 95
19 42
156 193
94 160
48 133
119 101
23 135
136 154
147 10
40 156
193 189
162 181
25 8
40 89
135 151
24 39
52 32
34 50
136 153
129 81
71 199
116 59
56 39
187 180
115 23
96 103
23 102
160 167
44 42
46 178
6 198
53 22
191 7
150 31
42 26
138 65
83 91
22 106
172 127
93 116
156 144
130 56
130 33
150 194
41 166
4 193
29 99
83 79
170 61
118 47
193 30
95 107
1 127
90 92
42 163
67 90
127 85
14 87
199 25
136 125
186 79
75 158
57 139
47 151
29 8
72 81
120 23
184 189
168 186
104 122
93 2
118 67
23 195
181 124
173 114
95 36
151 23
94 137
59 186
9 132
150 27
159 91
198 72
159 19
151 10
50 116
188 8
32 103
153 181
181 175
96 177
90 3
35 133
150 175
98 48
193 53
128 156
147 150
63 70
83 86
41 172
185 35
182 134
178 31
186 91
29 43
190 193
27 106
90 150
93 86
99 35
70 189
152 149
193 37
64 136
59 86
71 95
98 95
141 106
157 156
166 114
60 9
53 47
25 82
15 31
130 193
96 171
181 102
59 2
72 156
27 178
76 25
126 35
166 52
155 160
55 78
73 133
41 171
45 29
180 35
188 18
87 48
75 50
163 123
159 79
72 166
148 60
32 161
93 74
68 11
68 132
29 83
37 137
153 189
20 24
93 186
12 29
95 169
153 27
96 5
150 16
6 72
25 133
156 20
105 69
24 33
170 187
49 95
148 25
129 109
169 60
136 189
35 78
90 10
117 29
18 78
193 17
72 85
16 118
188 43
198 56
88 133
114 5
48 130
7 150
139 194
106 124
14 129
103 166
42 159
110 152
154 197
12 188
45 19
95 122
35 88
59 50
54 20
164 71
119 74
137 155
75 159
123 61
80 154
49 68
106 193
149 80
199 73
90 118
138 35
146 129
116 91
72 77
83 75
181 115
85 52
58 128
181 191
84 35
29 180
118 178
46 27
20 96
71 24
19 61
51 60
51 82
59 91
9 82
65 199
69 198
85 103
168 50
182 58
39 30
140 187
31 4
186 75
140 29
132 95
22 39
112 182
105 4
74 50
62 173
161 24
32 72
147 118
161 192
166 5
56 69
98 68
154 198
127 96
40 134
55 61
191 150
152 17
46 15
143 101
193 160
68 65
57 23
92 150
193 21
149 196
132 49
129 111
154 165
78 42
149 69
25 131
83 42
186 34
195 181
10 16
189 67
123 187
177 72
35 145
68 122
56 154
169 19
156 182
125 22
110 69
99 55
67 53
111 87
130 154
39 37
36 68
87 146
129 48
177 41
124 31
156 89
188 163
114 171
53 184
65 8
21 22
4 121
134 156
31 141
50 93
31 156
128 69
95 126
140 35
131 73
56 193
172 166
146 48
159 186
16 189
194 23
62 166
174 29
59 159
136 196
17 33
141 46
93 158
195 16
166 192
123 59
188 26
58 110
166 173
24 136
5 85
69 193
139 47
95 138
200 95
35 66
83 34
181 136
132 65
116 159
52 54
127 41
30 22
104 48
192 32
164 32
5 32
59 79
7 23
102 194
112 128
62 85
9 49
48 111
182 80
164 33
25 107
68 183
34 159
31 190
181 151
48 109
157 89
118 46
72 96
104 95
44 188
167 39
145 25
98 9
95 185
123 55
60 68
139 7
33 72
23 191
118 92
121 69
52 172
28 25
197 182
23 176
129 72
24 166
173 103
48 13
156 171
174 60
156 121
49 65
95 99
154 193
29 163
84 73
32 24
65 145
72 109
18 99
150 3
195 67
72 146
25 138
144 69
136 27
25 88
136 152
72 111
8 148
166 130
74 159
27 15
179 78
159 168
155 22
73 88
130 32
25 126
78 95
25 84
76 8
10 3
169 12
135 181
9 35
156 22
136 164
142 56
128 152
168 91
92 10
41 20
15 193
90 195
35 29
160 39
71 148
93 159
31 198
31 130
25 200
51 35
64 106
118 15
189 92
142 193
67 135
8 18
175 23
22 167
78 43
117 18
195 147
179 123
35 68
106 136
21 153
67 151
11 9
5 173
180 18
181 184
153 156
119 50
128 196
156 71
87 72
48 24
39 128
97 65
183 9
78 12
85 130
168 2
194 47
24 65
169 25
165 182
73 35
11 65
148 199
155 136
106 162
112 110
153 39
130 196
26 29
26 159
185 25
106 153
74 123
116 123
163 61
156 105
89 154
8 138
110 80
44 29
192 85
139 191
58 89
170 59
62 32
123 18
65 130
39 94
168 113
35 117
22 198
123 186
47 102
90 135
195 3
36 9
52 171
168 86
8 126
151 90
156 32
12 99
60 145
189 156
59 75
47 100
182 69
94 22
113 101
43 123
44 61
88 65
133 65
123 93
75 168
89 69
102 7
26 61
123 78
65 131
97 24
69 157
168 79
104 68
119 158
189 90
98 65
184 106
3 118
61 101
113 158
16 53
65 109
170 93
139 175
53 136
164 85
190 142
60 88
135 16
139 176
13 72
1 171
121 190
99 42
39 137
149 165
25 66
47 7
10 118
108 182
183 65
18 174
70 53
166 127
30 137
135 102
99 60
52 127
156 125
102 176
128 80
160 22
191 102
24 17
31 184
160 137
118 195
196 56
18 140
169 44
69 58
53 153
148 76
152 182
152 130
1 20
115 7
113 50
171 127
61 179
19 187
15 136
92 195
55 170
188 180
32 198
41 72
45 26
53 64
193 24
83 19
122 9
34 168
85 24
72 54
152 4
163 169
193 196
39 189
128 165
193 46
8 42
187 163
9 148
29 95
95 140
96 161
178 193
51 148
25 9
189 10
189 3
2 101
102 57
116 79
47 57
149 197
4 24
96 130
122 65
64 156
1 177
43 99
25 73
12 8
23 90
43 61
144 58
162 31
190 164
157 134
74 170
74 91
53 3
104 9
165 110
65 13
12 123
108 149
189 147
104 65
37 22
172 171
142 17
116 119
191 115
69 80
61 18
73 65
78 61
15 150
72 14
94 136
127 20
25 174
50 143
190 152
77 32
135 194
25 13
174 188
172 62
65 81
53 156
66 65
176 115
72 35
61 159
119 159
127 62
132 104
153 15
196 110
70 106
159 188
154 142
46 136
183 132
110 197
101 38
153 46
51 25
90 102
173 85
119 186
47 27
156 161
134 154
148 145
174 42
19 55
179 99
105 190
142 198
16 151
45 42
98 132
41 161
43 19
151 147
92 151
172 103
60 140
5 172
185 8
15 22
50 38
151 3
147 135
170 43
42 59
21 136
128 197
105 193
64 15
196 198
19 18
136 30
70 31
79 74
43 163
141 27
5 127
136 178
87 65
36 65
120 176
80 144
23 147
156 77
106 63
39 110
170 116
164 96
74 42
33 56
103 127
118 151
86 101
136 128
153 178
74 29
113 186
135 57
166 156
11 132
173 127
93 91
78 19
71 145
165 144
5 171
65 146
53 147
135 139
89 80
53 92
198 20
115 57
153 118
108 110
71 88
158 143
47 15
17 128
4 128
186 143
156 48
106 21
33 154
122 132
3 135
46 162
43 44
120 7
54 5
181 120
156 155
176 47
181 70
118 193
160 136
86 50
89 165
199 95
104 60
147 102
26 169
8 179
46 70
135 118
9 8
188 117
32 173
137 22
27 3
23 67
43 8
173 172
112 144
154 105
27 16
20 52
8 71
60 132
100 135
47 191
161 54
193 164
84 65
47 115
170 18
133 71
142 196
8 82
74 113
79 93
68 82
5 20
132 35
53 39
121 154
198 152
36 132
150 193
140 188
198 171
95 117
54 173
74 75
171 173
33 142
20 172
125 198
62 54
92 27
157 152
197 144
38 186
78 170
89 152
60 36
60 29
64 39
105 17
23 3
71 84
108 144
115 194
8 28
164 17
175 115
198 155
142 31
123 119
8 55
178 64
129 65
53 90
189 195
39 106
38 158
38 74
44 187
1 72
72 133
158 86
54 130
128 190
50 2
24 146
42 117
64 46
92 135
152 144
191 120
68 148
32 6
25 109
200 8
101 169
102 175
105 196
135 176
72 199
37 136
193 152
116 113
25 129
66 71
125 4
8 107
192 96
52 177
50 170
194 120
123 8
103 54
15 3
20 77
187 26
66 60
179 170
12 61
81 25
57 120
25 87
59 34
198 105
135 189
156 160
151 189
49 60
154 24
136 141
33 69
20 173
25 29
195 53
91 119
90 100
12 174
15 21
82 174
188 35
118 106
90 194
71 131
25 146
16 15
6 20
174 55
33 196
186 170
135 191
58 152
158 2
119 79
193 72
156 94
65 111
42 116
27 67
55 163
167 136
78 60
47 193
17 72
46 22
193 77
187 101
130 128
72 52
121 17
177 173
151 53
82 169
102 67
125 142
72 190
42 140
135 7
148 185
27 90
26 43
53 10
114 20
8 51
62 20
39 149
183 60
19 179
171 62
60 98
170 12
177 62
45 101
93 42
159 44
72 131
143 74
106 150
84 72
156 30
149 130
182 196
182 39
123 91
75 116
3 102
177 172
46 21
153 150
136 118
31 63
18 35
60 117
22 178
39 144
159 163
108 128
151 27
34 74
72 66
133 60
48 174
100 147
24 129
24 87
159 169
73 71
130 110
31 56
14 65
37 156
94 198
60 188
10 27
149 136
161 1
25 117
157 39
174 43
60 122
69 165
178 21
197 69
152 80
193 121
44 55
172 72
186 2
55 140
116 34
25 78
135 53
196 157
135 27
85 156
110 136
44 83
164 54
196 24
162 27
47 120
131 60
165 152
35 183
46 124
175 47
83 188
83 61
198 121
166 198
35 104
38 116
58 156
22 4
191 90
24 81
93 75
152 134
157 130
102 195
147 27
136 137
69 24
184 46
81 35
121 196
24 14
83 163
62 72
78 163
173 72
14 20
17 149
53 21
28 148
81 20
56 121
21 141
76 82
103 20
130 1
83 26
171 81
72 145
40 152
3 100
121 33
23 189
134 58
159 187
148 133
113 159
72 136
51 71
77 166
147 191
114 72
175 120
163 18
82 28
72 5
195 27
140 25
101 43
180 42
156 80
74 26
98 35
14 25
80 39
141 193
148 107
15 39
24 109
142 152
103 171
86 186
168 123
66 81
96 24
90 7
67 100
66 129
60 84
26 55
181 63
25 111
72 103
16 23
12 140
39 181
177 103
41 130
156 106
164 48
90 57
12 180
93 34
83 169
177 114
121 152
82 78
164 196
25 99
44 74
48 32
33 105
43 159
165 156
159 55
177 5
66 111
137 156
77 33
90 139
11 60
185 82
6 166
180 55
62 161
156 197
156 108
148 66
67 15
193 162
62 130
148 138
124 193
105 56
44 45
68 25
13 24
23 118
11 35
80 134
24 111
25 104
56 152
8 170
74 86
170 91
70 193
43 83
122 35
25 24
113 79
60 18
156 181
83 45
15 156
166 193
147 194
156 112
103 161
31 196
165 39
151 102
199 51
89 197
126 148
72 73
86 116
74 43
49 35
61 74
193 3
18 95
30 198
188 95
35 111
161 52
64 118
102 16
92 15
95 180
27 156
32 193
179 174
15 147
198 160
123 99
69 112
90 15
15 135
88 72
82 117
138 82
9 138
20 109
152 33
161 114
75 119
131 148
91 113
64 141
151 15
195 15
180 43
66 97
119 34
161 48
163 74
193 135
24 54
20 146
66 14
187 95
156 167
19 74
102 10
162 64
159 18
187 60
130 103
13 20
161 71
161 198
100 16
115 135
161 173
58 40
200 148
43 140
20 129
168 170
6 156
116 143
82 126
54 192
35 36
5 161
12 19
149 190
108 69
39 58
188 45
16 191
75 113
67 193
31 30
131 81
37 198
56 128
177 130
156 192
188 74
139 147
73 81
44 18
130 52
67 191
81 145
151 193
25 98
114 130
123 113
24 114
171 109
100 195
170 113
79 38
53 33
78 159
82 29
39 27
102 189
25 187
99 170
89 112
11 25
198 137
71 32
148 104
74 169
87 20
67 139
136 157
126 9
158 123
37 31
61 59
177 127
12 117
135 120
31 160
159 12
90 176
170 174
27 23
73 60
62 24
23 53
120 90
135 175
100 189
81 199
125 196
46 156
34 113
82 200
156 178
20 193
96 156
187 74
121 24
63 46
66 87
25 122
38 34
147 57
30 153
150 178
116 2
82 104
7 147
25 49
89 39
161 172
152 112
74 2
15 33
50 42
21 118
24 56
122 148
172 130
49 148
67 194
142 22
198 192
196 144
69 134
123 79
68 8
109 66
86 79
126 48
193 6
45 74
182 136
130 173
42 35
107 82
123 75
146 66
153 135
140 170
75 38
90 175
61 50
160 153
186 42
81 133
108 89
150 46
163 50
21 150
147 176
45 169
9 28
25 20
152 197
38 91
137 31
72 196
193 16
140 82
118 22
152 105
115 90
133 95
179 159
124 64
8 159
136 162
74 55
77 171
24 142
163 59
86 91
32 33
71 198
157 17
59 188
52 24
152 24
192 52
188 25
171 14
193 147
9 76
127 161
134 39
116 163
143 79
18 26
200 9
148 73
107 9
128 121
128 193
58 196
33 166
74 18
102 53
108 152
94 31
91 143
81 88
61 8
118 102
167 198
163 45
40 80
164 154
95 42
124 136
24 105
193 195
164 4
101 18
190 166
115 147
25 36
73 95
82 122
41 24
200 48
128 24
43 117
170 119
2 79
24 172
70 136
3 191
59 29
24 173
162 21
9 71
60 72
80 196
147 175
36 148
63 136
128 105
159 99
171 146
101 55
196 89
73 111
81 60
162 153
79 170
72 148
112 39
141 153
159 38
48 28
190 125
22 196
153 195
16 139
56 164
193 171
197 39
35 12
81 84
4 72
100 151
86 75
168 42
92 193
33 128
27 33
88 148
35 87
148 84
134 196
59 19
177 24
33 171
196 165
100 10
82 36
34 86
136 89
86 159
87 171
195 191
48 76
104 8
155 31
124 21
164 152
41 192
129 171
165 136
136 184
67 176
123 34
30 142
25 183
179 163
78 44
21 195
8 19
167 31
149 33
95 72
164 39
148 11
20 33
169 59
25 171
193 90
111 131
127 72
48 107
102 27
159 143
128 198
39 46
66 24
92 23
136 150
114 192
52 164
95 66
35 97
193 23
131 87
95 84
25 132
24 103
43 35
15 30
27 124
35 14
139 3
39 72
45 61
121 149
70 64
151 191
160 15
66 13
190 77
183 148
15 137
153 3
195 139
105 149
118 100
130 127
75 143
164 142
59 45
48 138
60 28
15 94
20 66
31 152
18 83
175 67
192 62
57 67
153 67
190 171
164 114
196 40
197 196
70 21
195 194
48 185
48 117
108 39
75 2
10 191
136 80
175 195
140 179
180 170
31 154
174 123
44 179
43 45
15 23
173 192
109 35
33 189
108 196
31 17
24 1
171 13
105 31
53 100
105 164
81 148
26 78
130 5
149 24
65 117
59 26
39 40
164 41
139 10
118 191
8 44
194 3
192 172
166 39
72 152
195 31
24 127
111 84
15 198
69 164
81 95
160 189
33 157
194 16
55 117
159 174
60 180
5 24
82 183
39 178
102 92
115 67
61 116
174 61
95 43
82 11
48 140
123 38
123 86
59 43
184 64
148 111
21 135
43 116
137 142
67 7
136 144
197 134
108 134
87 84
155 15
60 200
33 6
96 198
15 102
192 177
180 179
170 117
164 177
75 170
95 145
51 145
142 128
147 120
118 141
166 71
27 70
23 153
171 66
24 31
3 175
112 196
170 86
61 93
55 35
96 77
22 150
119 42
118 162
56 149
137 153
142 72
123 143
159 180
182 130
8 199
171 39
133 111
152 171
25 18
120 67
36 8
39 118
189 191
108 40
165 134
151 153
184 193
107 60
149 198
91 42
163 8
33 181
2 123
87 73
60 126
168 61
68 107
63 64
27 184
42 113
129 35
87 148
115 3
115 195
73 129
78 101
70 153
96 33
77 39
186 61
108 136
67 21
3 120
45 18
64 150
156 118
44 12
7 3
157 105
192 127
95 55
156 150
103 192
170 38
138 60
60 55
20 111
105 72
198 157
18 82
161 77
199 111
125 56
159 140
185 9
142 37
187 83
159 2
192 5
191 53
175 16
10 15
148 132
195 120
7 195
151 139
153 16
195 64
3 57
12 163
26 8
168 163
170 34
16 120
25 180
170 158
72 56
124 153
189 30
103 164
136 58
10 175
134 136
138 68
28 68
107 104
33 106
170 143
24 157
193 63
22 56
60 111
150 162
142 160
145 8
26 12
134 112
10 194
5 164
117 107
34 143
130 80
82 132
97 20
72 69
76 60
133 51
118 124
18 48
24 125
59 18
151 194
78 74
149 193
37 15
191 92
156 54
142 149
86 42
89 130
125 17
56 171
164 31
164 62
65 174
71 192
42 143
158 42
51 81
138 104
69 40
165 40
184 21
10 120
173 164
182 33
70 118
108 130
98 148
52 156
171 6
2 91
8 101
9 117
192 77
92 100
142 155
111 88
42 75
74 8
15 125
105 125
98 82
103 156
21 16
3 176
41 156
181 160
102 193
192 33
132 8
82 49
71 82
116 169
139 118
151 120
15 167
48 78
44 174
10 193
133 87
77 103
123 140
182 17
61 119
17 89
153 125
130 165
82 99
8 83
19 174
142 15
137 4
156 62
12 95
73 51
19 140
75 61
140 44
153 47
91 61
40 112
156 5
158 61
198 48
179 26
115 10
49 8
94 142
130 109
60 12
99 19
127 164
189 139
151 175
191 193
21 23
97 171
42 79
58 130
156 127
142 171
107 51
12 101
172 164
136 112
164 121
18 116
197 40
116 188
165 17
173 156
50 18
156 177
167 153
195 176
57 195
34 2
21 3
10 7
146 130
184 118
132 71
65 198
60 42
160 106
55 83
111 145
105 171
7 151
130 134
141 150
38 42
148 117
51 72
130 112
167 142
145 87
165 33
107 36
130 129
118 175
61 38
95 88
62 77
10 57
35 146
9 145
57 151
43 50
198 103
16 7
130 125
31 121
91 163
81 130
73 97
130 97
153 37
118 63
156 172
45 187
182 105
182 198
170 95
114 156
171 111
178 195
15 191
85 77
61 140
17 58
170 2
25 12
176 10
125 164
142 157
4 160
77 5
104 28
121 125
59 44
11 8
138 51
77 41
148 174
175 189
77 52
93 163
16 64
8 98
193 100
117 51
73 146
193 157
4 149
66 130
7 118
50 169
107 49
104 200
71 49
111 95
94 4
22 190
73 14
60 87
198 97
16 57
1 192
138 36
131 129
4 157
150 124
6 96
174 107
63 27
35 24
99 61
26 174
125 152
17 134
43 60
158 163
166 152
129 198
1 164
171 35
104 76
174 51
21 63
108 17
60 170
136 171
20 35
64 67
198 66
78 148
7 189
161 33
163 186
94 153
195 136
36 117
51 88
33 134
16 178
177 77
117 104
60 179
30 4
149 164
37 189
170 35
130 144
57 118
45 116
151 176
24 182
27 160
192 6
166 105
25 55
149 31
8 133
18 148
177 198
79 61
118 194
61 113
130 197
169 91
42 2
116 29
92 139
54 77
163 38
129 148
89 33
148 14
51 66
158 169
42 34
60 129
4 37
183 8
30 56
147 153
40 130
17 144
194 189
194 92
101 179
77 152
195 124
61 34
127 77
71 183
195 46
198 165
189 137
44 116
186 169
132 107
10 153
87 199
15 4
143 61
153 142
194 53
163 113
174 163
88 87
91 43
172 77
44 50
11 107
130 25
59 187
138 49
198 172
100 15
146 198
21 47
129 88
22 124
106 195
98 71
80 17
21 10
141 22
105 22
194 193
189 142
168 169
149 72
125 149
42 25
22 162
8 81
61 2
169 93
13 35
12 74
71 77
57 189
83 12
179 74
153 92
143 163
191 27
51 28
117 11
24 22
161 66
163 2
173 77
43 158
60 185
16 46
187 116
111 130
68 200
49 117
120 189
84 51
136 40
1 156
50 188
156 21
167 4
156 141
68 76
174 74
66 164
121 22
152 20
4 155
153 4
134 198
118 33
56 15
26 140
179 117
39 141
163 119
174 104
8 84
106 137
37 56
33 58
24 165
190 157
129 133
155 153
137 56
189 94
78 51
130 13
49 28
107 98
114 77
121 72
66 8
92 21
198 114
63 153
24 73
15 194
140 163
198 153
98 117
180 123
130 14
77 1
33 177
139 53
64 135
148 146
183 107
198 111
144 33
55 45
27 100
193 139
73 171
119 169
104 126
132 138
17 112
163 34
33 114
63 150
81 9
17 110
198 85
82 42
175 53
127 198
130 35
117 183
45 8
87 130
2 169
18 51
148 24
198 25
198 62
85 33
171 121
33 103
60 159
21 39
71 33
48 42
24 15
179 95
48 99
4 189
94 56
68 126
145 183
198 89
95 131
130 22
33 108
138 183
168 43
63 195
148 140
107 122
135 178
22 149
198 54
80 33
49 200
100 153
66 156
99 26
183 81
99 163
24 133
174 11
126 49
198 80
64 47
63 22
68 117
153 184
151 115
118 120
110 33
7 53
152 22
164 22
78 107
127 33
71 68
6 152
8 72
106 142
200 51
82 188
198 52
66 9
76 49
45 50
70 150
148 97
28 183
194 27
129 145
43 25
62 33
44 158
89 24
6 62
195 70
145 98
21 33
153 194
178 47
110 198
21 100
125 154
164 65
50 187
54 33
108 198
6 39
118 160
198 5
69 125
150 39
198 58
82 12
115 16
158 18
15 105
146 133
56 167
71 85
44 168
52 33
45 12
54 71
48 169
184 150
163 75
1 198
171 148
157 121
198 41
193 182
156 162
163 79
21 194
32 152
117 132
163 180
165 105
198 81
73 109
41 33
6 54
51 140
3 64
16 176
192 193
101 174
195 162
161 6
167 189
156 124
197 136
43 119
151 21
80 24
117 122
189 198
193 161
65 78
6 85
106 16
174 183
121 182
129 84
5 33
164 15
133 97
64 23
133 9
199 9
183 200
125 189
198 14
53 120
82 55
155 56
145 49
5 6
22 70
131 24
187 82
31 69
106 198
16 162
85 193
198 109
6 103
167 24
11 78
104 78
71 11
169 75
131 146
193 120
183 199
98 138
163 60
92 120
55 59
6 41
171 149
98 200
163 86
7 92
154 22
50 29
84 146
120 15
169 38
160 56
177 6
117 138
128 31
130 15
48 187
5 193
15 139
48 54
24 155
182 4
155 105
3 178
182 142
87 95
58 24
41 71
193 7
128 164
143 169
117 200
28 117
72 9
13 198
85 152
183 126
138 11
44 119
112 33
184 22
25 164
51 87
24 137
195 184
71 103
144 198
160 21
191 153
103 193
129 199
52 6
35 198
189 115
60 123
179 35
174 132
118 137
183 133
73 13
120 27
31 72
78 83
95 123
40 17
6 114
46 33
141 195
162 135
39 20
9 84
12 59
9 88
193 114
32 66
51 126
89 105
153 56
67 178
18 104
1 33
159 95
129 95
169 34
27 139
73 20
40 33
60 146
180 26
30 24
194 64
55 48
136 16
156 25
106 135
43 34
24 153
61 180
181 137
159 117
158 188
150 33
182 190
75 43
12 50
127 71
61 60
107 71
148 42
71 104
82 43
94 24
71 36
95 163
9 174
156 63
146 88
66 183
162 39
49 199
16 63
83 174
175 193
68 174
7 15
21 191
68 145
31 16
198 40
91 44
164 146
168 188
145 82
106 94
53 57
146 199
44 34
166 56
68 185
51 129
132 145
164 97
111 51
106 167
48 85
105 80
24 37
107 145
153 139
154 15
156 65
152 5
108 24
178 194
108 105
102 153
175 15
32 65
36 200
86 61
177 193
43 93
107 199
162 33
193 57
6 127
19 180
121 80
62 193
156 184
193 127
64 100
107 81
56 157
31 135
106 125
31 3
54 193
106 37
38 43
26 60
150 160
35 159
148 20
122 8
9 73
164 111
28 98
200 132
40 24
78 9
124 16
162 3
58 105
133 14
33 172
131 14
195 22
152 127
15 57
200 11
125 181
22 17
87 198
197 33
14 88
43 143
57 92
199 82
192 152
49 185
109 164
28 11
24 160
176 189
177 152
176 193
107 133
21 102
182 56
72 128
95 26
18 9
138 174
188 48
74 140
27 7
78 68
15 176
118 176
71 6
183 84
158 187
105 94
148 109
163 117
164 94
15 190
174 45
198 181
7 153
82 81
74 99
199 14
23 178
15 115
15 149
43 186
119 188
31 182
162 47
17 15
64 102
71 200
133 109
71 5
118 115
112 198
58 121
22 16
9 111
58 4
6 1
88 8
85 39
131 109
193 115
138 122
161 152
132 199
93 44
17 94
79 169
190 94
83 179
11 126
106 4
51 42
44 75
174 59
195 156
124 135
78 138
71 138
13 164
171 31
98 126
176 53
61 95
122 200
68 18
122 71
164 182
26 50
14 164
166 149
24 144
130 73
64 191
31 47
174 50
48 29
48 33
188 51
118 125
133 20
116 174
14 84
193 52
83 140
14 60
132 28
13 148
141 33
188 91
76 183
33 178
190 58
164 87
137 27
109 88
145 14
72 154
62 152
160 46
40 105
71 96
16 184
45 78
187 119
21 139
146 145
121 165
112 24
135 63
36 174
173 198
104 140
148 130
21 137
198 197
129 9
2 43
48 6
98 76
163 35
182 125
125 21
115 53
47 63
64 92
199 98
48 192
181 37
131 20
171 133
126 117
64 139
31 23
168 187
130 133
148 198
43 79
175 92
98 174
164 129
151 64
174 49
88 24
70 16
148 164
78 49
174 122
71 1
61 117
48 127
145 200
141 16
92 178
77 56
2 44
81 132
174 200
12 116
76 117
162 23
126 132
24 189
55 51
12 158
122 126
44 79
152 54
156 146
84 107
71 114
72 182
7 21
119 12
77 48
59 78
181 4
92 162
105 112
155 190
97 131
48 114
114 152
145 109
157 164
109 60
77 105
174 126
173 33
101 140
21 147
56 189
99 44
152 52
191 178
22 69
39 114
198 21
196 15
46 137
44 38
96 193
26 117
163 25
171 154
188 34
68 199
187 34
87 156
86 43
85 56
25 159
145 11
175 27
28 174
11 76
153 175
177 71
115 92
189 155
18 11
153 120
152 96
74 180
48 96
80 4
88 20
132 78
60 74
11 185
107 18
190 153
136 135
24 60
141 160
18 119
141 135
66 114
24 145
73 198
158 29
27 115
39 195
131 171
153 115
135 46
72 157
31 157
117 123
97 88
171 157
81 164
190 85
82 159
20 145
48 1
167 181
50 55
77 149
146 95
156 148
58 142
174 158
169 86
190 30
133 198
26 35
63 3
97 145
14 156
106 47
15 69
183 72
114 65
159 48
114 56
160 190
67 162
65 18
4 171
153 90
131 198
46 125
48 12
95 14
31 58
103 48
130 94
24 199
107 140
31 80
93 188
36 145
59 8
48 43
137 190
131 130
45 140
185 98
76 174
156 97
195 33
146 51
31 165
56 58
121 77
30 106
92 176
121 89
35 164
139 178
35 156
64 7
138 18
39 184
79 188
101 99
198 88
25 179
153 105
17 197
71 62
19 50
21 120
78 50
132 18
52 39
113 43
187 79
98 81
70 156
100 178
186 44
64 10
175 21
200 199
69 171
187 91
88 183
188 38
54 66
72 107
18 91
81 200
193 58
188 186
153 57
99 51
18 49
148 188
6 172
83 99
35 61
125 72
155 164
62 48
51 12
66 62
42 107
20 60
24 197
87 9
171 196
187 51
51 76
134 24
18 79
122 18
156 109
73 183
115 21
142 181
50 8
38 187
143 44
193 1
68 140
74 95
103 152
63 39
80 193
26 116
93 187
139 162
140 9
33 66
31 92
51 131
154 77
140 11
165 4
31 89
184 33
198 46
55 148
121 112
82 163
18 93
116 19
185 51
50 140
137 141
46 47
190 167
61 25
73 164
9 131
33 64
142 80
28 122
191 162
160 64
185 104
167 46
31 191
157 125
94 69
77 142
109 199
8 116
96 66
6 173
73 8
165 193
109 95
41 48
52 71
3 46
65 54
57 27
76 132
36 126
198 118
172 71
99 45
72 22
64 120
97 60
84 200
52 48
41 66
180 82
178 10
196 77
45 179
144 105
88 130
71 173
177 48
135 22
119 174
153 176
150 137
183 131
106 3
174 71
50 99
173 48
63 23
109 54
149 85
106 155
63 191
144 121
72 58
48 163
198 27
47 136
83 180
23 106
58 164
176 27
164 80
55 116
185 174
165 164
86 44
60 198
82 61
113 44
158 8
18 38
156 16
80 56
39 32
18 28
168 18
156 135
45 180
15 72
66 173
52 66
193 172
115 64
15 121
178 151
105 167
102 178
178 120
66 177
47 22
24 95
145 122
24 106
36 28
164 89
18 34
86 188
83 95
8 131
47 156
97 54
146 9
73 107
193 41
115 178
166 48
183 111
172 48
198 150
129 156
188 2
146 183
161 39
187 86
186 187
125 58
117 71
35 123
156 81
166 142
21 176
54 39
116 78
20 199
145 104
124 39
39 127
169 113
54 129
188 143
185 117
9 14
117 145
137 105
126 71
179 50
39 177
51 43
183 87
66 77
158 26
95 19
64 176
4 89
164 137
8 146
26 25
105 160
65 33
12 79
2 187
147 64
152 15
193 71
35 54
51 159
161 56
150 125
179 82
119 29
121 40
20 95
192 39
128 171
45 95
139 31
21 167
41 152
101 180
139 63
39 103
193 89
193 173
152 173
30 105
80 190
164 131
188 75
3 22
65 77
173 39
113 188
64 175
180 50
178 175
165 190
1 152
48 180
3 136
8 87
186 18
129 183
40 164
70 39
140 116
15 182
12 93
33 63
77 129
155 17
36 199
18 183
187 143
19 158
155 181
155 130
48 5
172 66
179 48
48 193
57 21
37 190
65 161
172 152
98 18
105 197
8 129
94 149
100 162
81 36
64 57
172 39
12 168
184 160
156 13
18 36
54 13
31 77
90 64
152 48
40 31
39 41
126 18
193 66
163 51
95 50
77 157
155 69
33 70
105 134
200 72
94 72
199 122
39 62
158 78
71 152
137 17
37 21
79 29
186 12
56 6
60 45
75 187
180 44
140 59
6 66
185 132
178 147
14 51
31 112
184 137
144 31
140 138
30 164
93 29
88 107
82 72
51 29
142 21
198 145
122 78
45 35
162 175
119 8
55 158
54 148
51 109
178 176
63 160
56 20
181 30
133 200
91 12
178 57
167 164
143 18
164 153
134 31
122 81
75 18
104 42
148 159
56 54
124 33
78 119
18 86
63 92
4 77
163 148
83 60
192 66
66 107
109 84
28 78
31 67
105 110
180 116
18 2
113 18
15 157
168 29
200 18
4 40
88 171
49 140
95 97
91 29
65 173
3 156
56 173
91 78
114 190
36 76
131 107
52 65
192 65
134 121
133 82
23 22
11 42
162 147
160 53
26 82
84 24
56 127
80 72
91 174
168 78
56 52
145 126
198 184
61 48
3 141
22 157
25 54
65 140
139 22
35 77
69 137
78 200
1 66
36 78
94 121
133 132
163 107
60 19
136 23
155 72
35 83
21 90
25 123
36 133
77 136
29 148
173 190
90 178
179 51
103 66
65 1
17 167
162 176
162 115
190 54
190 6
106 56
194 162
193 65
80 171
140 132
12 148
190 161
51 180
168 174
162 10
162 160
19 119
62 56
127 66
77 97
51 24
72 132
56 165
97 193
121 197
13 131
12 86
168 19
145 138
142 165
79 78
41 65
65 103
147 31
176 31
159 107
89 190
166 121
76 18
134 164
142 46
165 72
164 133
91 19
56 41
22 191
39 16
13 133
26 119
56 32
199 104
175 31
162 90
24 181
163 104
78 183
152 66
69 167
72 36
180 148
97 199
155 149
180 59
71 28
132 84
166 31
167 72
40 193
42 132
135 184
117 83
1 97
111 8
152 65
85 142
185 18
31 100
119 55
3 184
19 79
136 191
170 25
66 132
26 48
70 135
110 24
42 9
131 132
167 130
153 69
130 137
170 82
14 8
172 56
24 8
91 8
69 30
131 200
177 56
88 132
67 63
1 39
66 200
198 141
37 105
184 47
111 107
197 31
140 183
93 19
31 115
48 170
11 199
36 140
130 60
162 151
72 137
87 54
85 105
39 71
197 164
162 57
59 99
11 81
170 51
156 73
13 77
53 198
181 94
122 140
12 107
146 107
148 179
166 66
77 148
59 179
142 161
105 106
83 25
56 1
140 200
33 97
121 108
162 120
37 69
179 116
188 107
71 18
86 19
24 9
31 108
56 71
84 36
126 78
142 89
91 55
164 88
118 167
142 118
31 57
40 142
68 42
16 33
54 14
39 48
58 15
31 10
160 124
198 63
51 169
19 186
103 56
25 77
4 197
107 180
133 156
171 58
23 156
171 165
174 79
199 138
84 82
175 63
140 119
102 162
56 192
60 171
171 145
31 120
190 103
34 19
119 45
51 20
49 81
98 133
126 140
122 133
107 29
45 117
122 72
124 3
2 19
39 96
65 6
190 41
8 79
190 192
102 31
31 90
145 130
66 85
7 162
133 54
108 164
42 122
25 45
109 8
195 160
66 5
45 82
77 80
69 160
63 120
49 133
62 65
65 42
82 123
127 65
97 192
53 137
19 75
82 83
165 77
95 171
183 24
64 198
65 96
73 132
126 42
104 159
65 166
125 80
65 172
71 78
166 97
95 101
95 44
192 148
78 93
85 121
46 23
190 20
29 86
198 95
4 108
125 53
97 51
151 31
159 122
39 66
121 110
156 111
95 130
73 200
77 128
198 124
131 156
79 55
146 132
78 98
143 19
125 128
51 26
22 58
53 167
95 164
47 141
165 125
185 183
59 95
131 54
120 22
95 13
159 126
42 183
78 76
117 19
119 179
19 38
56 66
81 54
48 56
16 160
65 85
182 22
78 185
5 39
91 26
94 154
19 35
200 88
66 190
39 65
184 125
97 85
151 63
171 17
62 97
147 63
69 77
186 29
42 36
166 80
76 122
46 191
78 86
63 10
60 164
130 199
33 148
2 29
40 190
164 160
19 25
190 106
88 13
140 158
66 36
139 136
22 10
63 115
36 88
146 54
102 63
72 40
164 112
71 140
33 129
166 154
140 91
171 199
125 27
65 159
48 123
140 28
77 14
135 33
77 87
97 8
86 174
91 45
70 160
77 58
31 194
63 100
33 3
137 64
190 62
187 113
22 151
9 109
185 36
198 16
165 166
164 144
89 72
97 9
63 194
90 63
110 31
20 9
5 65
7 31
77 17
4 112
22 194
72 98
165 15
24 107
9 171
66 82
98 84
4 134
193 108
4 21
87 33
36 159
190 71
22 67
178 160
167 27
84 97
172 97
40 125
41 97
104 81
153 17
92 22
29 38
110 164
137 16
189 190
80 85
190 172
181 190
122 84
61 51
152 97
121 161
145 174
24 132
60 101
178 7
25 74
125 171
56 96
57 63
121 6
141 23
175 22
177 65
193 112
125 77
174 93
198 162
42 200
29 75
47 124
82 88
57 22
63 176
99 116
7 63
183 109
90 22
136 90
137 162
52 97
97 39
113 19
183 97
125 16
156 95
168 55
148 61
4 110
159 183
158 45
102 22
144 4
19 82
192 129
97 127
112 142
48 83
198 199
163 36
158 179
196 94
200 159
129 152
48 190
51 83
9 130
176 22
33 13
126 199
24 21
54 73
110 193
142 6
34 29
100 22
163 200
163 65
198 70
136 67
198 9
162 125
148 170
196 166
109 107
122 66
200 188
26 79
20 121
174 199
65 56
51 130
105 189
15 80
97 161
161 149
49 72
153 72
148 99
11 133
97 56
79 140
48 19
120 136
58 166
75 12
189 69
121 41
62 121
141 125
178 198
118 37
168 8
186 78
97 6
29 113
71 42
125 89
153 130
80 22
165 22
32 97
147 22
8 20
56 89
23 124
12 34
22 115
190 21
21 94
181 105
81 77
135 39
96 97
54 111
125 64
97 173
117 199
26 148
193 197
172 129
62 129
178 125
105 161
48 45
166 125
182 171
51 198
148 62
101 25
177 190
44 60
121 172
76 71
189 164
128 15
35 74
81 138
20 84
179 107
132 109
142 27
46 120
168 140
52 190
94 165
182 77
15 171
112 190
181 56
190 1
77 15
166 182
72 112
168 26
47 33
190 197
152 94
6 129
52 121
122 185
122 163
158 99
140 93
77 89
30 21
81 68
60 59
111 77
76 140
164 199
167 16
192 121
159 11
22 77
22 7
129 1
200 29
186 174
173 121
179 91
94 118
20 183
55 93
126 81
72 189
22 128
107 99
38 12
125 124
123 51
85 125
87 107
59 25
166 4
78 199
76 42
109 77
129 107
164 37
