23874
500
16
14
14
71
86
31
16
59
38
68
67
40
49
71
51
71
62
42
21
11
97
23
47
20
55
80
71
61
14
67
74
88
49
93
56
91
90
25
64
86
81
36
73
21
27
75
96
60
15
28
66
69
44
80
64
44
42
91
67
83
25
22
52
91
61
95
74
85
31
67
14
83
77
47
63
19
23
35
46
42
21
24
61
20
58
22
45
29
72
76
72
94
45
18
95
79
52
36
42
95
58
12
21
67
63
46
85
81
37
47
48
39
20
73
84
40
14
10
82
87
49
79
44
46
67
46
71
89
31
74
89
71
86
47
12
94
18
31
37
11
43
92
41
13
42
96
73
27
90
23
72
14
13
81
70
77
12
16
15
45
84
67
27
88
81
25
15
54
57
100
21
72
21
41
47
60
24
37
46
53
53
10
51
99
16
81
65
63
34
22
14
52
38
18
14
73
99
99
15
10
88
76
78
83
10
17
81
90
73
89
99
49
73
71
94
73
78
29
52
68
89
14
36
72
22
49
55
79
74
78
49
47
22
82
62
43
79
40
47
27
83
54
80
53
75
34
65
46
16
91
58
57
38
52
84
41
46
77
56
22
39
26
79
83
26
17
74
79
25
37
28
62
17
88
64
92
73
49
52
60
37
13
87
16
35
96
19
90
92
48
37
49
54
73
85
25
22
11
78
16
46
63
94
51
29
17
51
87
89
60
70
13
10
42
10
23
72
22
81
43
21
27
25
20
37
69
33
47
20
84
17
59
93
43
34
50
87
23
44
52
37
66
34
11
23
69
38
40
73
43
56
78
93
65
92
97
32
15
97
27
49
25
86
68
12
62
86
50
49
46
29
86
64
85
61
58
28
79
32
22
33
53
74
16
29
86
10
52
77
71
72
87
38
95
45
79
85
22
53
19
95
93
23
95
98
33
94
58
89
88
48
59
80
49
71
34
60
84
75
10
82
87
57
52
48
25
46
41
90
65
72
16
27
12
16
56
43
71
83
64
37
86
20
45
37
66
48
34
35
18
85
34
56
28
78
57
37
90
99
64
23
10
19
63
34
28
24
84
53
38
41
42
43
92
16
13
77
81
12
47
85
39
74
12
89
71
40
94
89
45
97
23
58
89
75
25
42
96
36
32
429 4
78 6
352 7
47 11
56 13
77 15
272 16
483 17
166 20
88 22
168 24
63 26
359 27
432 29
203 32
87 33
192 38
63 39
200 44
129 51
162 54
31 59
49 31
41 60
48 41
366 62
284 66
55 69
381 72
105 73
412 74
249 82
466 83
429 84
55 85
14 88
445 93
10 98
193 99
217 100
183 102
105 108
260 105
368 111
257 116
464 117
287 120
400 121
80 123
79 124
36 79
374 36
46 126
112 128
333 112
23 129
23 130
406 23
119 131
188 133
413 134
149 135
106 136
104 138
139 104
246 141
235 146
431 151
28 158
439 28
47 159
239 168
427 171
496 174
197 175
397 176
394 180
485 181
251 183
261 184
205 185
143 186
160 143
263 160
393 191
144 192
77 193
35 77
215 194
246 196
64 199
461 64
309 202
200 205
232 206
409 209
425 213
2 217
42 2
94 219
57 222
236 223
336 227
57 228
357 57
406 230
30 231
350 237
327 239
103 242
149 103
423 243
417 249
423 250
484 251
411 252
188 255
125 188
469 125
156 256
392 156
161 257
495 263
97 265
396 268
132 269
394 132
375 270
240 272
142 274
80 142
472 275
14 276
63 14
303 277
414 281
395 283
294 286
12 287
260 12
459 289
320 290
428 292
419 295
493 299
288 300
325 288
422 301
53 306
155 53
106 155
177 308
145 311
164 145
377 164
137 313
460 314
315 316
162 318
58 320
346 58
49 321
491 323
101 324
401 325
152 326
9 152
319 327
259 319
345 328
229 332
48 229
157 333
119 335
400 119
70 336
373 70
49 338
331 49
55 331
170 341
122 344
19 122
372 19
109 345
278 346
402 348
444 349
236 350
490 236
477 351
334 353
271 354
247 271
96 356
390 358
238 359
225 238
94 225
148 360
296 362
195 296
91 195
260 91
216 366
467 216
161 370
211 161
18 373
264 18
46 264
414 46
375 374
420 375
149 376
37 149
115 378
150 381
179 150
449 179
448 382
30 383
37 30
215 384
177 215
297 388
494 389
162 390
177 391
258 392
436 258
48 398
368 401
178 403
310 178
245 405
127 406
241 407
273 241
177 408
173 177
352 173
140 410
334 140
462 411
309 413
118 309
10 118
232 414
364 416
10 418
334 419
163 334
212 163
110 212
476 110
56 420
278 421
279 278
197 425
393 197
226 393
240 426
430 240
166 429
273 166
97 273
261 431
291 433
415 434
307 415
89 307
56 435
475 56
247 436
446 437
182 439
86 440
443 442
157 443
137 157
94 137
40 444
455 40
315 446
262 315
465 447
78 448
262 78
218 262
89 450
221 451
267 452
367 267
113 453
428 455
170 459
190 461
167 190
200 167
114 200
449 114
339 449
245 463
45 464
21 45
35 465
396 35
220 396
71 466
481 71
86 467
357 468
317 357
182 317
153 182
337 153
254 337
55 254
8 55
488 8
417 469
87 471
456 87
115 456
310 115
395 472
244 395
380 473
248 380
399 475
329 399
347 329
457 347
207 477
260 207
371 260
127 478
9 127
170 9
402 170
330 402
233 330
247 233
95 247
101 95
371 101
189 371
204 189
221 204
75 221
169 75
352 169
386 352
139 386
385 139
368 479
488 480
25 482
86 25
487 86
201 483
409 201
76 409
428 484
234 428
67 234
490 67
303 485
305 303
266 305
282 486
203 282
355 203
492 355
342 487
97 488
404 97
224 404
162 489
387 490
400 387
500 491
218 492
172 218
284 172
1 284
37 1
322 37
441 322
147 441
298 147
34 298
90 34
412 90
162 412
232 162
220 232
224 220
65 493
3 65
211 3
294 211
457 294
42 457
367 42
246 367
80 246
5 494
68 5
474 68
342 474
499 342
445 496
476 445
291 476
424 291
361 424
50 361
427 50
422 427
253 422
397 253
109 397
343 109
165 343
10 165
470 10
339 470
500 339
89 497
297 89
365 297
198 365
248 198
214 248
48 214
462 48
369 462
495 369
438 495
368 438
154 368
47 154
245 47
458 498
423 458
310 423
394 310
52 394
63 52
94 63
144 94
76 144
363 76
460 363
113 460
364 113
454 364
304 499
285 304
379 285
81 379
430 81
454 430
107 454
235 107
208 235
481 208
312 481
372 312
210 372
226 210
245 226
340 245
80 340
377 80
187 377
148 187
302 148
279 302
259 279
224 259
266 224
96 266
244 96
280 244
106 280
21 106
400 21
385 400
61 385
92 61
261 92
43 261
293 43
432 293
417 432
417 500
289 170
114 167
123 246
60 48
3 294
400 45
294 65
96 280
144 63
83 71
337 55
9 406
470 98
469 249
337 182
444 455
165 418
431 92
91 296
4 166
72 150
10 309
454 416
179 339
433 476
269 394
217 42
108 260
235 481
298 90
284 218
36 124
117 45
400 490
353 419
148 279
385 92
411 369
364 430
197 213
272 426
345 343
334 212
475 329
245 80
76 460
326 9
404 488
364 107
67 400
91 108
375 56
138 139
318 390
252 369
257 370
418 118
65 299
78 382
258 156
144 38
218 355
330 247
86 342
203 486
147 322
237 236
160 186
154 11
260 101
96 395
439 158
167 461
468 57
471 456
116 161
373 336
484 292
327 259
188 469
247 354
278 302
172 66
234 400
27 238
17 201
237 490
372 226
214 380
194 177
400 237
150 339
245 246
474 487
185 200
436 156
310 180
50 424
269 180
128 333
221 169
80 187
274 80
82 469
305 277
46 281
306 155
135 376
134 309
37 284
67 428
380 198
109 176
290 58
224 305
329 457
444 428
10 339
425 393
325 368
364 81
318 358
362 195
62 216
224 396
46 232
326 170
3 286
422 50
190 114
102 251
366 467
42 100
77 99
74 90
168 327
212 140
384 194
162 358
417 293
385 261
386 173
423 394
81 285
88 276
63 394
331 254
476 212
371 204
49 59
336 18
236 400
293 261
18 46
66 218
65 211
191 425
21 234
94 157
306 106
212 433
495 160
202 10
449 190
324 95
469 293
389 5
296 108
384 177
175 213
334 410
238 94
184 385
385 138
499 474
234 45
187 164
468 228
391 308
247 402
357 182
473 214
304 474
324 371
255 133
236 387
152 170
278 58
60 398
480 97
180 132
176 253
423 115
173 139
393 372
420 475
96 224
351 207
294 329
246 267
102 484
63 192
198 214
392 436
476 424
167 64
51 23
430 107
300 325
247 392
490 223
365 214
86 482
273 407
299 211
491 339
303 181
144 363
335 400
472 96
33 471
21 464
89 415
149 242
315 437
73 108
484 183
322 1
177 386
84 166
310 403
234 490
305 396
352 221
498 423
442 157
76 209
6 262
372 481
368 495
415 450
392 256
476 334
493 211
422 397
234 464
226 246
151 261
291 50
233 402
234 237
449 150
375 435
234 117
325 479
395 280
149 284
183 428
27 225
411 48
461 114
496 93
400 464
92 151
26 52
287 260
259 148
397 343
21 67
500 323
59 331
477 260
1 147
409 483
37 231
147 90
121 385
222 468
498 250
314 76
453 364
225 359
152 127
108 195
495 143
357 222
441 1
439 337
397 345
415 297
293 184
116 370
269 52
370 211
294 399
118 413
474 86
326 127
77 396
117 21
174 445
267 245
335 121
369 143
189 221
383 231
400 428
346 290
307 297
483 76
199 461
4 84
374 124
273 84
306 21
248 365
436 256
440 487
380 365
357 228
295 353
381 179
379 430
278 148
35 447
240 16
48 332
93 476
495 401
262 446
475 375
66 37
224 488
236 234
282 32
14 22
239 24
294 347
474 482
224 232
211 286
213 393
275 96
342 440
211 116
62 467
337 158
185 44
49 55
257 211
131 335
94 192
262 382
115 394
352 177
70 227
305 96
302 346
109 253
349 428
17 409
137 192
226 425
30 66
209 144
280 136
361 422
221 371
375 13
154 495
34 147
361 427
415 497
317 468
49 254
136 395
2 100
260 324
355 282
488 259
247 324
270 475
479 288
107 481
24 327
72 179
63 219
107 208
244 266
103 37
15 99
245 367
294 42
126 232
329 42
79 374
485 277
249 500
248 48
406 130
130 9
90 162
42 347
162 74
469 255
352 189
26 144
456 33
344 19
67 236
87 115
379 304
345 253
254 158
349 455
351 260
87 394
55 488
38 94
224 277
176 422
122 372
219 39
254 59
352 204
458 250
165 109
354 392
172 492
19 226
384 386
19 393
35 99
44 167
307 497
150 190
144 52
127 130
446 218
435 13
157 192
304 81
451 189
177 139
323 339
469 133
17 76
372 344
250 394
180 52
400 131
422 424
404 480
284 135
361 291
226 122
385 335
104 385
187 142
255 293
70 18
61 139
294 2
152 130
486 355
167 449
95 371
217 294
418 343
86 62
332 60
347 399
235 364
341 402
417 29
78 218
328 343
394 456
291 422
62 482
321 59
401 154
91 362
398 462
278 290
244 136
424 433
245 425
304 430
459 341
242 37
335 67
375 36
260 95
274 187
479 300
16 430
209 17
144 137
368 300
354 436
474 5
86 216
145 377
495 411
218 382
243 458
394 26
224 206
127 23
264 126
388 307
232 264
244 305
352 75
293 385
473 248
27 94
475 294
10 343
460 364
264 70
94 313
139 384
200 461
3 493
476 140
262 448
261 61
31 254
93 174
133 125
389 68
490 350
313 157
272 430
437 262
289 341
410 212
428 236
280 283
364 363
67 223
189 7
354 402
170 127
18 227
294 493
285 430
222 317
473 48
27 38
349 40
100 294
317 57
481 122
220 206
289 127
305 220
302 259
488 96
157 112
334 433
137 38
208 71
286 493
370 3
400 223
322 34
481 146
377 123
72 449
9 230
412 298
260 195
53 106
429 273
314 363
242 284
163 419
212 419
281 232
352 139
341 330
290 421
284 376
301 176
140 433
420 13
169 204
10 323
401 438
3 2
267 80
124 375
494 68
37 383
397 301
21 155
86 366
462 214
38 157
294 375
107 416
289 326
246 425
338 321
260 120
176 345
247 256
434 450
345 165
338 59
96 8
89 388
144 157
242 376
386 104
24 259
105 91
475 13
325 154
468 182
321 331
402 459
139 92
347 367
322 298
19 425
273 488
273 480
298 74
260 247
234 223
474 494
140 163
341 233
298 162
96 136
64 200
4 20
171 361
433 445
339 98
81 363
290 302
130 51
235 71
148 327
158 55
118 165
52 192
280 155
491 150
124 56
259 239
259 278
104 92
73 260
432 261
334 295
87 310
302 224
382 492
473 198
372 71
425 175
90 322
44 205
165 323
1 298
400 117
270 294
476 496
359 94
341 247
373 227
192 26
365 473
346 320
62 25
107 146
319 24
394 192
282 218
175 393
47 367
498 394
485 305
424 176
86 5
439 254
305 232
40 428
115 250
377 311
224 97
278 327
386 194
344 226
172 382
167 205
294 299
235 454
230 130
339 417
100 3
302 58
143 263
161 3
393 122
378 250
1 66
201 76
220 77
296 260
100 65
157 128
346 148
105 296
130 170
337 28
331 488
297 214
489 390
439 153
11 368
317 153
338 331
482 467
144 128
207 296
140 424
372 235
235 312
306 117
465 396
165 328
121 131
257 3
173 384
322 412
245 159
462 252
304 342
404 273
377 274
186 495
476 174
392 402
497 297
437 218
185 167
486 218
283 96
450 297
474 389
394 403
159 11
439 317
73 95
243 250
449 381
134 118
247 459
229 60
163 410
4 273
3 116
305 181
371 451
293 188
3 217
248 462
108 95
124 435
48 369
1 30
433 361
499 285
22 276
473 462
277 181
233 392
272 285
394 471
278 320
223 428
464 306
489 318
260 271
402 271
454 146
162 264
457 367
170 406
252 495
47 368
89 214
67 121
157 209
451 204
215 408
288 368
262 492
325 47
364 304
29 293
426 16
63 276
356 266
384 352
378 394
461 185
284 103
148 58
322 74
214 369
94 39
250 310
371 108
36 435
367 141
261 417
337 317
486 492
500 150
1 34
263 186
97 96
99 396
295 163
73 296
111 288
158 182
179 190
419 140
145 187
65 286
92 184
293 92
45 67
360 346
298 390
165 397
121 119
406 478
184 61
409 144
311 164
45 306
11 245
420 435
296 95
281 126
304 487
42 141
490 335
267 226
102 428
315 218
77 305
241 488
394 458
127 341
136 305
433 422
115 180
398 229
306 400
37 376
78 437
312 122
19 481
55 96
15 396
347 141
67 183
249 339
154 159
394 33
284 382
99 305
297 248
92 138
382 6
406 152
414 126
396 447
334 445
474 285
452 226
401 288
453 460
471 115
356 305
111 479
67 117
91 73
221 386
190 381
102 67
395 106
242 135
232 396
220 162
481 466
256 354
6 218
301 253
472 283
273 20
462 60
445 212
218 316
135 37
47 405
493 370
264 227
443 313
38 238
137 443
324 12
358 220
231 1
122 210
144 314
398 214
136 283
23 152
375 79
48 365
25 467
95 12
148 290
356 244
78 315
253 343
130 129
495 462
63 22
115 52
84 20
469 29
119 385
362 260
21 280
234 306
102 223
251 428
460 144
392 341
370 294
368 263
304 454
69 254
165 253
190 339
497 388
88 63
38 128
489 54
402 289
210 393
261 139
253 10
397 424
394 144
64 114
280 305
235 416
316 78
406 129
163 353
401 479
137 27
204 75
206 162
360 278
25 474
116 493
365 462
300 111
356 136
475 435
67 464
285 364
193 396
357 439
469 339
192 313
386 385
234 102
422 345
461 205
246 452
495 48
240 285
235 430
241 404
318 54
306 280
51 406
402 260
355 262
23 170
306 395
148 142
82 339
250 403
136 266
67 385
203 218
174 433
325 111
385 151
307 450
223 183
11 367
347 246
266 232
164 274
224 162
398 365
271 392
412 34
492 203
127 129
431 385
452 196
105 195
313 38
290 259
257 493
385 43
67 431
472 136
434 297
122 425
91 95
141 457
67 92
373 264
264 336
448 6
360 58
280 266
104 177
215 386
462 380
418 323
32 218
184 431
12 247
222 182
42 399
93 433
38 359
417 150
360 302
364 76
249 150
358 298
71 107
155 117
187 311
35 193
229 462
331 31
142 302
423 378
104 352
190 200
417 82
136 275
484 40
24 148
261 29
223 251
137 359
245 19
307 214
429 20
96 259
209 483
286 299
184 139
99 447
245 123
246 377
74 358
253 418
484 444
67 184
178 250
343 118
143 368
424 301
78 446
442 137
378 458
139 194
314 364
247 371
294 141
12 120
356 280
255 125
26 269
153 357
111 401
118 253
41 229
179 500
115 458
256 258
140 110
68 86
38 225
220 390
261 469
247 289
390 54
247 451
392 330
86 304
32 486
474 364
41 398
295 212
184 121
180 250
418 397
129 170
364 144
190 72
40 292
436 402
428 490
359 144
162 322
440 474
247 189
196 226
424 253
161 493
282 492
488 266
192 359
435 294
142 377
405 11
218 1
426 430
412 358
434 307
404 407
310 456
116 294
347 267
172 1
317 158
214 388
3 42
446 382
366 25
115 33
381 339
382 1
143 401
143 438
322 231
450 497
428 21
274 311
296 351
363 113
1 135
329 141
414 264
304 363
377 245
96 232
21 53
57 182
224 181
429 480
105 207
330 436
315 382
85 331
52 132
184 104
329 367
462 198
291 427
414 162
323 150
214 497
144 269
377 148
194 352
108 324
35 15
422 476
280 53
193 305
55 97
353 212
267 377
366 482
326 341
285 426
408 386
217 65
246 329
295 140
433 410
89 434
386 204
79 435
352 451
267 196
173 104
216 25
237 387
207 195
252 48
368 160
182 28
26 180
100 141
421 302
355 382
172 37
148 274
186 369
1 149
481 454
222 153
26 132
123 187
38 112
152 478
38 443
118 323
80 148
491 179
11 246
179 114
177 385
109 328
484 223
292 444
228 182
101 108
186 252
274 123
358 206
245 196
232 358
16 285
495 325
46 373
7 451
254 338
433 496
490 21
336 46
484 455
310 52
251 67
364 146
189 169
85 488
471 310
219 22
224 356
338 55
67 261
352 371
137 238
377 367
224 358
38 333
104 384
80 311
177 92
487 5
395 275
144 483
484 67
233 289
15 447
466 107
32 492
51 170
271 324
224 280
411 214
173 194
220 298
67 237
413 10
51 127
156 247
278 224
323 470
102 444
435 399
384 408
83 481
482 216
50 171
357 337
473 398
234 183
267 329
150 470
372 425
116 65
246 187
235 122
22 94
209 201
437 316
317 228
394 178
382 282
146 430
170 230
226 367
56 36
248 398
471 52
247 204
385 131
411 365
35 305
159 367
287 324
259 168
401 300
150 82
121 431
121 261
264 281
155 45
199 167
154 367
402 256
43 417
224 279
487 68
11 325
87 52
39 22
426 304
357 158
153 158
186 411
123 142
411 143
363 453
453 144
137 225
475 36
169 386
436 233
266 396
259 346
451 324
354 233
222 439
499 487
178 423
215 139
429 488
477 296
102 236
44 461
430 481
208 430
330 289
348 260
10 397
252 214
98 323
299 3
488 265
198 398
184 400
123 148
435 270
165 309
218 37
187 302
236 21
171 291
64 185
463 367
56 79
154 143
72 114
434 497
164 80
366 474
254 182
263 401
387 350
335 237
440 5
19 191
388 450
332 462
33 310
401 11
302 377
274 145
447 77
326 402
420 270
218 30
436 271
185 114
69 158
61 104
270 56
253 323
364 379
253 339
28 153
450 214
224 148
45 280
78 492
233 271
173 169
155 234
313 442
339 165
325 159
433 397
173 215
408 194
470 500
25 487
92 308
125 293
130 478
354 330
299 116
400 261
500 98
285 487
347 245
290 360
424 427
115 132
154 288
97 8
68 440
396 96
283 275
299 100
81 144
119 67
429 404
179 323
168 319
305 268
234 251
273 224
372 245
205 114
195 73
9 341
366 487
148 96
254 488
236 183
165 413
391 92
253 470
473 297
21 237
264 220
166 404
208 372
105 95
42 65
371 7
98 150
101 296
127 402
430 416
30 172
204 7
402 324
52 456
136 224
324 354
64 205
105 477
496 334
148 311
296 324
139 408
411 160
358 489
121 237
480 166
306 136
63 137
247 170
369 365
304 272
310 458
17 144
475 42
15 465
324 436
10 500
324 120
116 100
475 347
330 256
332 398
101 91
487 389
28 357
154 438
126 336
224 303
429 97
19 246
45 53
341 436
67 306
144 304
26 115
471 180
422 171
362 108
233 324
280 181
376 1
306 428
41 462
220 99
166 97
220 96
141 267
418 309
218 135
190 185
226 481
100 457
154 479
53 234
19 213
358 54
50 433
44 114
80 302
252 365
243 378
144 219
82 500
236 251
55 182
465 77
36 13
488 407
433 163
10 134
492 446
289 392
347 11
144 201
128 137
221 247
295 433
363 483
71 430
199 185
350 400
316 262
152 341
447 305
85 8
285 454
261 255
139 169
91 207
387 67
26 137
104 391
113 144
393 245
200 199
481 344
475 141
148 164
321 254
9 402
153 468
500 381
245 187
179 249
200 449
336 232
196 19
111 154
133 293
471 132
238 144
176 165
336 281
424 171
76 453
398 411
202 413
28 254
39 88
95 287
332 411
376 218
252 143
238 192
141 245
261 104
225 144
426 454
417 179
75 189
253 309
175 19
97 20
443 94
21 395
407 480
218 149
32 355
190 64
184 151
95 120
148 488
491 249
333 137
151 104
65 457
171 433
420 294
261 133
165 202
148 145
179 470
442 94
304 240
172 135
35 220
175 226
106 45
114 150
220 318
330 170
208 122
101 247
413 418
224 99
289 436
378 498
358 90
267 187
112 137
125 261
424 345
322 30
407 429
280 232
144 430
306 244
115 498
58 377
76 304
447 193
189 386
274 246
173 408
257 294
207 108
345 301
9 478
193 15
279 346
319 239
31 338
402 156
309 323
153 57
246 148
246 159
75 386
358 322
218 242
367 325
197 19
79 13
402 152
294 367
371 12
469 500
391 139
48 186
448 218
399 420
107 372
302 274
46 70
198 297
224 77
421 148
424 165
335 236
405 367
123 302
245 154
477 91
116 286
334 93
113 76
236 484
484 349
140 422
417 385
406 341
169 194
343 309
410 476
148 319
469 150
322 383
482 487
201 363
100 347
105 101
261 119
173 221
94 88
169 384
67 293
270 13
157 76
474 379
481 393
372 246
236 121
436 260
433 419
477 195
340 123
97 84
454 272
440 482
498 310
180 144
44 64
179 469
413 323
398 369
388 473
399 375
483 113
445 140
228 222
34 74
459 127
144 112
371 296
141 65
125 417
232 373
320 360
345 10
162 34
80 58
261 138
110 410
279 290
382 37
385 237
303 280
129 152
364 426
205 190
367 368
414 336
162 396
168 148
453 314
148 239
364 499
46 227
148 320
495 365
140 353
102 292
129 9
224 390
409 157
214 415
353 433
374 56
292 349
36 270
23 9
374 435
384 385
439 57
286 370
469 432
422 165
1 90
419 410
349 102
350 67
433 165
404 84
351 105
165 134
266 220
430 363
381 491
183 444
266 77
364 481
369 473
390 322
50 476
307 473
151 61
384 221
448 315
471 250
402 258
295 410
340 187
324 392
93 212
299 370
103 135
301 165
420 42
394 243
321 31
393 208
126 373
353 410
487 494
186 368
450 473
494 440
157 17
324 105
131 67
434 214
158 222
151 139
128 192
465 99
180 456
21 223
485 224
175 245
155 464
354 289
50 140
109 10
299 42
407 97
393 246
199 44
286 257
69 337
326 459
286 100
42 286
418 109
179 98
456 132
154 300
333 144
354 156
179 10
59 55
141 399
440 389
362 105
339 72
79 270
384 189
488 396
467 474
141 286
347 420
449 461
195 351
308 139
155 395
342 5
459 9
157 201
72 200
64 449
373 414
286 217
466 235
258 354
323 134
135 66
287 371
5 304
234 335
97 85
67 151
444 223
364 487
143 48
493 100
158 338
254 357
292 455
372 466
187 58
173 189
334 110
342 68
188 261
278 168
202 418
284 30
339 418
190 44
21 136
497 473
10 176
423 403
301 10
270 124
150 200
237 428
225 192
213 191
257 299
342 494
407 166
484 234
184 119
475 367
436 170
440 304
27 144
428 45
322 218
458 180
293 500
297 380
193 220
97 4
39 14
137 219
155 67
347 375
240 454
491 417
388 415
227 414
369 160
497 365
27 192
295 476
108 247
238 157
241 480
55 224
66 376
162 126
47 246
122 245
257 65
100 367
188 417
85 96
123 164
232 227
17 363
278 80
155 136
327 224
269 115
246 175
174 334
457 246
335 350
245 210
112 76
465 193
256 233
228 153
286 161
307 365
462 143
434 388
12 101
245 325
332 369
187 367
439 228
354 341
117 428
163 476
364 342
301 433
337 222
118 109
9 289
136 45
343 323
382 30
382 32
463 154
368 369
110 295
224 290
364 71
440 25
483 364
129 341
310 132
433 345
451 169
214 495
339 293
324 256
233 170
245 274
413 253
148 97
383 1
411 229
444 251
314 113
364 240
222 28
449 205
139 189
414 18
233 156
36 420
27 157
332 214
52 33
369 229
371 169
259 97
144 132
149 66
191 197
401 160
266 395
75 173
298 441
26 310
280 485
466 208
213 245
476 353
95 195
177 151
280 277
353 110
213 226
406 326
172 32
46 162
278 24
166 488
10 150
382 203
245 481
360 421
63 238
254 85
13 294
411 368
310 269
72 500
490 251
285 363
127 230
390 206
246 154
304 25
247 258
430 474
409 363
220 447
262 282
74 1
11 288
258 233
323 109
183 490
64 72
293 179
444 236
57 158
488 338
103 218
193 224
102 40
59 158
235 83
46 220
129 478
62 474
304 416
180 33
126 227
54 220
144 313
169 7
132 250
478 170
365 450
101 195
224 85
494 86
304 16
335 184
449 185
305 465
202 118
163 50
401 367
254 153
455 102
168 224
488 59
462 297
174 212
45 395
235 304
144 115
468 439
435 347
208 19
216 474
100 211
136 53
154 405
323 397
422 10
383 441
166 241
459 152
95 207
165 476
71 122
343 413
175 372
333 76
237 184
381 249
460 304
158 468
65 370
79 475
479 11
34 441
55 439
245 368
333 192
373 281
404 148
220 126
186 401
483 157
474 426
362 101
422 109
224 407
289 152
183 400
356 277
176 433
135 30
53 117
286 457
47 401
369 401
97 302
108 477
302 164
197 245
134 418
389 86
298 318
302 320
156 330
419 476
299 161
188 339
367 288
438 186
93 140
223 455
465 220
358 34
346 421
419 50
141 299
8 331
203 172
376 30
232 18
360 279
406 459
267 19
464 53
458 178
230 129
72 491
136 234
175 191
423 180
253 328
405 325
94 128
383 34
462 450
305 15
22 137
464 136
148 407
335 261
376 172
453 304
226 141
488 158
358 1
444 67
101 207
453 430
445 410
458 132
446 355
267 372
131 184
89 473
294 161
144 22
316 446
483 333
276 39
96 331
245 191
224 346
370 100
344 245
107 304
198 450
397 118
132 33
9 247
96 277
423 132
50 212
295 50
75 451
487 216
241 429
292 223
188 179
337 468
259 360
434 473
149 172
141 420
275 280
310 144
331 97
176 343
83 208
433 427
224 331
116 42
210 19
347 226
253 433
8 224
252 398
404 20
76 430
220 489
63 157
390 232
97 278
410 50
328 176
347 13
84 407
15 220
192 269
179 200
277 266
406 289
387 335
284 203
242 1
232 277
249 72
134 253
463 405
137 39
379 363
223 40
436 9
150 64
20 407
121 387
378 310
322 66
85 148
407 4
38 76
61 431
399 367
147 383
141 116
304 113
251 400
261 237
274 58
60 369
65 2
179 261
330 258
144 456
457 475
116 457
297 398
488 439
37 441
268 220
254 97
199 205
172 242
454 16
475 124
445 163
224 447
70 414
187 278
94 333
351 108
156 289
304 314
42 370
17 364
189 194
185 72
356 232
477 101
254 224
207 324
140 291
385 391
198 307
487 467
53 67
113 17
176 323
162 336
441 90
91 324
54 298
88 219
115 243
311 302
220 356
190 249
162 281
440 467
353 445
162 96
347 270
267 123
94 26
390 46
180 192
126 18
291 212
20 480
306 236
152 230
471 423
404 4
3 141
159 368
384 92
308 385
306 223
323 202
339 118
451 386
50 334
203 1
294 246
371 402
397 476
487 62
443 192
373 162
181 266
2 286
286 367
101 287
301 109
144 443
187 290
411 60
363 474
243 498
177 169
341 156
289 256
108 12
338 85
52 423
475 100
117 136
283 244
340 246
162 18
270 374
474 454
137 76
232 489
367 65
278 239
431 119
404 259
50 353
417 323
440 62
424 10
67 455
478 230
102 490
58 259
304 17
268 35
317 28
110 419
355 172
266 447
457 399
257 100
94 276
421 259
92 119
450 248
169 408
395 356
83 372
198 48
143 365
415 473
425 210
190 491
378 132
31 55
101 351
413 109
237 223
233 260
437 382
46 224
487 426
385 387
321 55
378 180
459 436
379 144
491 449
274 267
72 461
477 95
142 246
492 437
338 97
364 16
97 241
253 500
488 337
306 283
134 202
279 421
205 72
389 342
339 109
326 129
259 320
474 81
94 394
2 141
440 499
338 224
453 81
320 279
322 135
371 386
278 319
256 341
53 400
488 31
500 418
95 362
173 204
308 104
111 11
94 112
367 111
392 260
33 144
88 137
15 224
438 325
475 374
379 454
260 354
57 337
232 447
472 280
41 411
371 120
55 357
414 220
178 498
367 479
382 316
492 284
161 100
403 498
322 220
241 20
50 397
438 479
201 364
173 451
73 477
1 162
157 363
483 112
435 42
471 458
42 493
94 14
209 363
307 462
104 431
324 477
367 80
310 243
365 388
213 372
279 58
320 421
476 361
338 337
180 87
50 445
335 428
178 115
67 40
450 398
94 76
427 476
150 253
170 156
488 20
77 232
323 249
96 447
317 254
17 314
232 54
113 430
343 422
50 165
362 477
148 267
416 240
351 91
339 200
93 163
283 266
417 10
84 488
415 365
380 398
440 216
48 297
119 237
224 35
9 233
369 198
30 203
18 281
347 56
127 436
208 226
426 416
212 496
483 304
173 371
143 325
1 220
323 345
367 300
467 304
465 224
384 451
244 21
481 304
214 60
98 253
191 226
99 266
403 458
257 42
40 236
112 192
240 107
66 242
73 101
293 249
445 295
51 9
247 287
76 81
476 176
322 284
232 70
437 448
79 420
132 87
305 395
194 221
13 374
237 251
233 459
327 290
206 46
402 406
371 436
201 333
488 4
484 490
57 28
422 323
291 419
234 444
415 462
304 146
246 210
213 246
123 58
400 102
403 115
399 13
47 479
296 12
229 214
426 379
258 289
315 6
281 227
500 190
79 347
392 170
176 418
93 353
280 117
298 383
263 438
34 37
390 1
101 120
231 135
234 40
343 301
337 228
255 417
111 47
366 440
224 24
129 402
253 202
229 365
276 137
294 56
1 412
252 198
70 126
192 310
446 448
87 423
286 475
271 256
59 85
17 333
67 61
217 141
418 470
487 379
441 358
114 339
21 283
247 169
226 197
460 430
449 249
254 8
97 290
483 137
144 471
31 158
118 176
70 281
127 233
244 45
179 64
479 159
459 330
339 176
268 15
247 173
271 341
399 270
269 33
456 423
278 488
220 74
261 387
387 184
80 226
330 9
135 383
191 372
284 231
36 347
456 250
405 368
332 365
442 192
323 381
248 369
172 322
355 284
179 253
121 92
266 303
10 433
93 295
237 183
236 455
349 223
447 268
27 333
365 434
246 122
177 184
422 418
210 267
452 19
47 463
33 423
97 59
47 288
460 81
324 195
224 429
246 399
468 28
12 451
137 201
488 232
314 430
174 163
462 388
247 386
344 393
23 230
232 136
371 207
23 478
90 383
384 184
230 402
372 430
76 128
200 249
238 333
377 226
267 425
113 81
185 150
88 144
294 79
420 374
203 262
333 63
418 150
204 12
190 323
120 247
90 37
478 51
203 37
396 46
182 488
238 313
11 463
279 187
200 491
64 339
364 209
230 326
494 304
132 498
371 91
90 231
224 166
318 232
306 266
351 95
187 259
422 118
244 224
254 468
137 17
217 116
497 462
246 481
69 439
343 339
421 58
322 54
433 343
170 256
49 488
254 222
184 236
195 371
108 120
500 343
261 177
217 457
382 486
62 304
210 141
109 309
270 42
293 431
232 97
492 37
271 156
238 128
267 399
55 153
287 108
160 438
93 410
399 245
458 456
110 163
360 187
398 307
171 476
395 224
45 283
51 230
276 219
451 101
44 449
246 191
409 364
137 14
226 399
104 67
406 233
160 154
324 156
228 158
266 35
456 269
338 439
254 57
55 468
314 81
107 83
336 220
69 338
33 26
72 44
13 124
140 171
151 293
224 239
219 192
118 345
409 304
260 156
9 156
55 57
380 48
419 171
197 246
324 362
21 335
109 202
415 398
11 438
235 240
417 133
300 47
250 33
455 234
154 347
246 475
159 347
148 273
354 170
137 209
484 400
431 139
378 178
367 210
400 155
368 246
150 44
134 109
413 422
179 82
199 449
141 377
215 169
53 395
430 487
128 313
219 14
484 237
154 186
3 457
438 367
91 12
369 380
137 363
338 8
61 293
175 210
244 155
339 422
62 494
201 112
73 351
230 341
261 236
250 87
103 376
488 357
365 60
107 426
287 91
417 184
390 336
163 496
278 123
329 245
278 96
130 402
371 348
252 248
357 338
32 262
136 277
154 263
452 245
10 476
303 232
448 316
417 190
301 323
355 78
190 199
90 135
135 34
153 488
252 368
413 176
358 147
340 377
184 308
387 21
401 411
469 190
89 365
395 277
162 266
138 177
399 154
385 125
252 473
139 67
73 207
254 228
156 459
424 343
72 167
272 364
492 315
211 42
246 325
355 315
80 145
72 199
383 284
291 397
179 185
465 266
240 146
483 314
144 39
284 90
297 369
493 141
132 243
241 224
262 486
55 228
130 341
431 400
282 78
151 121
322 376
77 268
244 106
207 12
224 54
338 96
268 465
17 453
488 220
267 294
491 469
172 103
232 148
220 281
356 396
490 306
315 282
134 343
122 430
424 323
242 322
352 247
34 231
376 382
437 6
26 219
457 493
294 36
287 402
338 148
244 275
139 293
187 320
382 135
178 243
224 489
110 433
224 319
14 144
496 295
38 483
41 332
418 179
152 233
175 267
67 292
306 237
382 66
277 396
453 483
210 481
367 19
193 266
106 283
399 79
205 150
499 86
311 123
196 425
251 306
157 219
247 7
449 500
315 486
334 291
121 21
436 152
383 172
220 34
369 438
385 255
418 345
360 80
224 20
359 157
462 186
110 50
156 127
303 136
110 445
95 402
124 420
161 65
102 237
172 231
311 142
1 492
178 132
25 494
288 159
341 258
74 390
230 459
22 157
335 306
214 41
178 180
456 26
325 160
365 186
246 42
233 326
196 372
141 257
243 180
141 211
252 60
425 367
360 123
430 393
43 125
154 369
294 374
224 480
366 304
314 409
391 184
371 477
457 257
363 487
142 164
140 496
455 183
151 308
285 342
452 425
315 203
318 322
480 4
483 460
61 177
173 12
133 385
325 263
12 386
149 322
90 30
474 144
25 342
430 312
16 416
342 379
391 151
161 42
456 192
150 461
365 41
384 371
220 18
473 411
11 160
118 301
487 81
338 153
490 117
21 184
302 488
110 93
169 104
192 115
123 320
285 440
179 44
280 396
361 397
323 449
176 309
228 28
67 177
171 397
124 294
339 185
250 52
224 58
284 34
488 468
210 196
180 498
325 347
257 367
341 478
424 109
268 193
247 384
304 389
302 145
7 221
280 464
369 41
400 444
431 177
397 140
371 194
417 253
444 237
55 222
304 482
128 27
488 228
418 301
149 30
172 486
391 61
93 50
413 301
224 421
141 370
380 450
156 152
67 417
22 192
42 267
317 55
142 267
187 346
29 133
147 162
188 385
159 401
261 384
124 347
267 302
137 409
232 465
386 92
459 354
184 386
184 169
415 198
419 424
363 426
378 471
459 256
490 184
498 471
339 44
81 483
314 209
96 303
213 210
497 198
339 345
11 143
8 59
183 306
103 322
192 14
276 144
435 141
117 335
58 164
128 359
214 143
277 220
391 431
263 369
361 165
238 443
436 406
196 367
221 139
75 247
194 104
30 242
22 238
369 325
55 28
481 425
231 242
473 60
368 48
110 496
341 23
16 474
349 67
172 262
96 254
208 210
496 410
391 67
367 435
104 189
261 391
238 442
201 314
487 144
400 455
105 371
484 306
325 463
450 48
40 400
192 33
468 338
450 369
488 317
266 15
310 63
130 326
317 338
438 288
402 478
284 441
266 275
456 63
462 434
441 162
430 483
492 316
34 30
176 361
367 160
238 219
397 427
258 170
293 104
388 198
488 28
417 92
23 402
367 116
292 234
19 141
459 129
487 454
224 4
116 2
422 500
286 347
297 252
367 123
49 97
425 208
240 481
73 324
421 187
160 479
498 456
259 338
425 141
210 452
46 266
27 313
235 393
197 372
206 336
116 347
441 231
373 220
363 454
219 333
179 461
268 224
282 172
66 103
104 408
12 169
413 345
90 220
494 482
481 213
243 471
71 304
97 266
165 427
146 71
49 158
295 174
209 304
403 243
133 179
141 161
1 103
345 476
280 234
251 455
96 465
103 30
246 286
416 146
28 338
333 313
205 179
123 346
149 231
415 380
229 252
382 103
403 180
490 121
387 306
347 65
416 272
334 171
82 491
132 192
249 44
367 372
413 397
411 263
81 17
211 457
14 238
159 438
355 37
373 390
148 4
339 205
400 136
152 330
288 246
66 231
201 38
313 63
121 350
284 282
421 123
25 499
480 148
396 136
417 418
464 395
426 235
412 220
330 127
192 39
424 418
210 191
11 263
286 329
51 341
224 320
334 424
347 47
99 268
217 493
377 278
102 306
213 267
328 339
458 33
363 333
148 20
167 179
295 291
245 142
128 225
224 187
328 323
331 148
403 378
266 106
249 418
304 68
451 194
207 362
12 221
403 132
123 290
271 289
184 408
399 425
353 291
154 411
266 21
364 372
436 326
369 11
181 96
363 16
80 320
48 154
382 322
199 179
51 152
59 224
344 210
391 138
416 481
330 406
67 136
197 210
343 202
487 314
288 245
383 358
295 171
26 14
161 457
224 360
323 433
23 326
418 433
147 284
302 265
179 422
162 227
107 122
277 162
194 247
59 468
321 488
84 224
3 367
60 143
364 157
166 148
246 479
440 364
275 224
248 411
83 430
217 257
284 32
293 177
487 76
324 351
67 308
284 298
109 433
210 399
45 266
271 170
230 436
367 420
235 16
71 416
291 165
246 302
11 495
497 398
161 217
446 6
430 226
236 385
374 347
471 26
451 139
42 245
97 321
90 390
277 46
307 380
208 245
346 97
248 307
42 375
76 474
148 429
122 364
162 356
281 390
27 443
476 343
164 246
322 203
90 318
323 72
218 231
458 52
3 347
267 154
351 362
86 364
479 263
177 189
21 261
397 419
483 128
426 481
358 284
380 497
48 307
152 247
284 162
216 304
228 338
448 492
70 162
181 232
97 396
196 141
279 123
188 184
338 182
403 471
444 306
175 367
12 195
118 433
117 236
52 94
358 37
476 253
474 314
2 457
284 486
105 12
419 445
266 485
121 391
338 222
238 39
176 134
40 183
159 111
48 497
63 128
150 167
29 125
12 477
221 177
436 129
244 53
399 196
371 139
272 474
416 285
304 122
275 106
167 339
229 143
458 144
134 301
7 173
483 94
424 295
292 236
80 279
137 364
258 459
396 390
286 399
17 38
450 252
472 266
255 184
61 308
94 310
37 282
416 474
293 150
47 438
431 308
437 355
203 135
287 207
183 292
170 324
119 151
330 326
153 69
16 107
217 367
42 13
96 59
370 457
159 300
22 26
148 241
224 318
245 302
441 135
79 42
188 29
396 206
168 290
41 252
150 422
397 134
23 459
343 179
474 240
225 157
352 408
156 406
37 147
108 402
472 244
499 494
306 121
306 275
194 204
486 78
484 21
224 336
442 27
224 321
453 474
70 220
421 97
12 73
436 23
69 317
4 241
224 373
356 275
408 92
379 499
80 421
90 54
388 380
158 321
390 18
205 249
428 53
23 233
363 272
290 239
24 290
52 22
358 396
209 81
123 259
261 131
199 150
371 177
411 297
298 37
41 143
213 367
112 238
233 230
73 371
500 118
186 11
480 84
158 331
314 137
349 236
259 80
156 371
474 107
397 339
121 61
252 380
198 434
335 484
156 348
481 197
374 42
242 382
109 476
117 237
367 493
96 485
400 280
246 438
290 319
392 459
264 390
103 203
460 17
417 139
196 213
464 244
411 380
320 24
371 75
266 206
74 147
48 415
178 471
345 361
316 355
183 21
443 333
106 96
102 21
59 317
67 280
371 271
312 393
417 72
427 345
367 375
241 84
424 118
57 338
333 209
339 424
320 319
351 371
200 381
303 396
151 400
179 255
435 457
333 364
11 411
418 98
12 352
345 291
151 131
392 9
320 168
75 7
11 48
288 405
120 451
235 474
367 274
482 499
251 21
302 96
176 427
155 283
349 234
224 123
264 224
97 279
249 167
59 153
224 106
494 364
306 184
284 262
290 80
390 70
104 221
367 161
41 495
468 69
451 260
412 390
292 400
445 291
282 1
400 244
208 344
46 96
315 172
279 377
473 41
433 413
426 81
266 268
410 174
124 42
103 231
19 430
205 381
347 257
441 74
234 244
184 173
194 184
387 119
96 77
103 282
122 146
384 204
238 276
464 428
269 471
494 285
179 125
191 367
121 428
232 259
155 428
285 235
135 298
495 60
320 239
355 1
88 238
165 171
203 376
479 495
391 384
160 47
369 307
445 171
396 181
390 34
149 383
437 486
399 374
43 188
242 203
366 494
123 97
367 142
378 456
12 351
363 499
452 213
206 277
491 205
217 347
367 495
233 371
158 97
12 362
405 159
266 155
148 254
306 455
296 287
80 224
344 430
112 27
364 5
113 209
277 244
232 268
306 96
77 277
495 47
354 9
468 49
328 422
176 500
461 339
92 169
121 117
45 335
147 220
260 352
469 385
353 171
432 133
180 63
448 355
21 96
293 190
491 293
367 452
261 308
157 314
109 500
31 97
69 228
489 298
376 231
433 339
121 177
157 39
198 89
45 490
395 232
210 430
203 78
300 11
171 345
206 373
222 488
69 28
408 221
291 163
240 363
224 377
22 333
192 471
60 380
184 352
1 486
393 107
22 310
125 184
82 190
310 137
487 240
166 259
177 119
390 126
97 58
29 385
288 160
151 384
26 39
489 206
48 401
396 336
355 103
194 12
287 195
226 107
80 346
259 480
117 244
364 25
277 275
232 193
296 247
440 379
399 124
226 123
148 59
35 232
27 63
287 351
277 465
340 267
367 79
352 92
58 246
209 460
148 8
367 13
359 112
49 224
86 285
466 430
210 107
291 110
305 275
496 50
194 260
45 237
252 307
339 125
469 184
354 152
373 396
142 58
495 229
486 446
454 81
1 32
150 125
295 397
367 393
393 71
363 440
302 367
347 161
248 415
90 489
56 42
149 90
478 326
393 466
246 311
249 114
138 67
81 409
187 97
224 158
174 140
276 192
84 148
284 315
168 421
350 306
321 85
391 293
114 381
246 278
327 320
398 143
207 247
96 155
182 69
424 353
291 410
329 100
135 358
147 135
409 113
353 397
9 258
413 424
382 231
318 412
350 21
436 478
363 342
323 82
12 189
149 382
486 448
76 238
381 417
203 448
375 141
360 168
184 221
30 441
162 383
473 143
463 159
364 208
306 40
293 384
385 408
217 211
236 119
497 248
476 301
51 402
56 399
194 75
446 203
17 430
136 181
448 282
367 270
201 81
479 143
209 430
162 305
385 432
417 449
185 249
203 437
158 85
488 465
476 418
104 121
256 9
93 419
343 427
158 96
211 367
267 311
488 57
199 339
121 293
298 30
117 387
353 496
69 488
96 421
159 160
236 45
152 258
108 451
446 282
329 116
428 387
142 340
36 42
286 435
493 2
203 231
320 377
290 377
458 269
442 144
96 193
30 147
295 422
461 249
271 459
60 297
222 69
6 355
239 421
431 131
341 324
145 142
210 235
49 153
417 200
330 230
237 455
375 286
31 224
390 277
430 342
462 89
189 408
367 374
427 253
345 134
159 495
305 106
390 414
352 385
315 32
57 69
78 32
52 378
339 255
388 398
411 198
67 255
490 261
55 148
372 452
481 16
159 399
356 303
380 434
169 385
223 335
240 71
453 487
48 160
248 388
299 457
174 110
296 120
59 228
93 291
125 249
442 333
287 105
329 161
397 309
329 257
364 393
237 131
306 261
350 117
4 259
387 234
32 446
227 390
6 316
262 1
389 364
305 283
192 88
441 220
305 472
127 258
259 377
308 138
136 485
301 309
154 252
176 291
113 487
346 168
500 200
141 270
217 329
221 215
398 434
368 463
171 212
195 247
72 82
58 168
383 74
88 157
208 304
497 369
439 59
246 145
258 406
12 75
183 349
490 53
56 367
21 275
271 9
438 245
488 421
323 200
378 33
97 360
384 12
383 66
489 396
217 299
19 107
281 224
73 362
224 153
26 88
215 104
363 416
451 287
451 95
275 155
49 228
301 427
252 497
459 478
270 286
162 37
472 106
329 3
168 279
424 134
219 128
500 165
293 119
49 85
122 416
475 3
413 339
21 444
377 347
371 362
209 453
384 431
238 26
23 330
391 119
282 376
124 367
500 424
386 391
239 360
414 224
498 33
411 450
48 263
204 139
483 487
255 139
157 26
224 265
176 171
383 382
213 141
460 487
111 438
30 282
233 129
485 232
339 133
99 232
113 201
379 494
310 39
367 2
146 426
259 273
415 252
290 246
488 360
256 260
408 371
178 33
278 274
153 97
323 476
296 451
51 326
383 376
58 488
223 45
46 356
260 386
366 499
333 359
385 306
195 120
402 120
87 458
438 300
367 36
246 208
123 488
360 377
184 189
459 51
147 231
438 411
275 232
358 30
125 432
416 208
360 327
149 203
167 381
342 426
151 138
260 75
129 330
2 161
107 285
9 324
268 96
192 76
267 164
324 348
419 496
107 363
287 477
310 157
265 58
257 2
189 385
345 309
464 106
47 143
199 114
409 460
145 123
62 499
195 451
215 189
386 261
318 34
383 242
352 120
89 380
91 247
33 243
203 316
360 319
40 251
143 159
274 340
316 486
286 420
333 26
234 395
458 26
452 175
112 17
171 93
196 175
176 50
171 410
85 31
429 259
123 168
324 289
106 234
425 344
406 247
216 499
171 301
432 188
169 260
259 407
71 210
256 371
6 492
312 364
219 313
7 12
228 224
265 360
369 415
355 376
451 91
325 399
451 177
136 428
331 259
202 176
3 399
75 120
50 174
106 400
15 232
459 130
21 305
318 1
436 348
210 466
422 134
301 291
260 289
423 269
342 81
305 306
327 421
137 81
268 277
72 418
232 90
226 142
427 418
124 286
497 411
45 275
263 47
495 288
379 76
107 312
452 141
158 148
285 389
242 282
391 169
490 444
472 306
160 252
308 293
23 289
54 396
214 186
252 11
337 59
96 99
355 242
43 469
363 112
462 154
318 396
268 488
159 263
322 282
96 31
54 1
201 460
384 67
202 301
69 357
398 89
441 412
486 37
418 491
443 128
126 224
436 51
110 171
301 339
220 227
367 340
368 462
258 271
396 264
62 342
424 110
6 203
300 160
134 339
259 20
259 84
122 240
184 117
207 451
373 358
433 500
163 171
374 286
288 143
304 372
492 376
7 194
287 156
277 447
361 301
306 292
67 125
472 224
347 438
93 424
242 90
418 190
52 498
231 282
65 329
422 419
345 50
10 427
71 454
242 441
108 352
203 66
243 456
122 454
351 247
284 78
187 488
90 396
386 431
156 326
137 113
474 113
313 359
212 424
70 224
499 81
11 462
404 187
12 139
489 1
492 103
261 339
346 327
449 418
250 269
335 251
352 195
359 443
260 9
192 458
367 148
134 328
311 58
14 157
189 260
289 230
122 466
272 107
431 138
335 183
99 277
397 334
361 418
33 403
399 36
361 10
58 267
329 211
474 481
287 362
404 278
96 360
383 218
255 432
381 418
371 104
61 417
94 17
432 43
327 279
499 467
449 82
364 210
205 323
190 125
150 133
215 184
58 367
327 123
259 241
141 372
56 286
51 233
364 226
60 198
468 224
141 56
481 191
231 358
419 361
291 10
426 122
156 108
483 474
396 414
252 332
197 208
385 194
431 335
488 277
175 141
248 60
268 162
267 145
324 258
425 430
193 277
237 40
248 41
187 480
184 138
328 424
371 9
140 361
365 11
138 61
413 476
140 165
302 340
240 379
328 118
387 131
118 476
26 276
15 96
171 10
51 330
88 310
460 137
301 328
317 49
350 428
237 53
403 456
74 284
304 201
260 204
135 162
133 249
445 424
427 118
97 228
66 90
119 306
447 162
96 187
275 464
277 106
490 455
244 67
129 289
305 488
139 121
210 304
331 278
484 45
210 312
436 130
364 68
396 395
345 202
347 80
144 250
138 293
486 376
52 403
43 29
424 163
16 122
298 396
259 265
269 403
379 107
384 61
486 103
148 245
85 228
481 175
144 403
105 247
448 32
171 418
260 173
332 143
114 323
470 422
98 422
158 259
175 208
286 79
309 422
369 479
120 386
120 189
120 173
192 250
141 154
97 80
144 454
1 396
186 229
485 396
475 257
315 1
32 37
135 74
428 244
371 184
224 246
490 385
453 409
220 280
246 3
319 421
141 374
157 113
496 291
21 472
349 400
74 37
478 330
26 313
444 335
499 389
114 491
451 105
107 487
364 466
96 35
435 329
128 26
10 328
466 304
114 417
39 333
495 332
227 224
12 177
87 378
317 224
242 486
99 488
139 247
360 404
162 30
249 255
284 220
397 212
204 177
400 395
367 164
397 163
404 123
263 252
305 155
187 168
67 188
27 219
117 484
157 81
417 98
186 325
224 21
469 72
460 157
204 104
324 352
82 293
173 385
379 113
35 277
266 464
156 129
286 267
157 304
92 131
57 59
498 87
248 89
114 500
372 416
466 416
497 60
332 186
282 66
330 130
372 146
96 45
173 92
122 83
245 294
23 156
474 122
162 231
282 437
319 123
70 396
424 410
335 102
117 261
432 179
369 47
396 322
13 286
66 355
469 323
66 441
269 63
34 242
273 187
480 123
249 253
90 218
242 358
103 32
384 308
177 247
163 422
330 271
168 302
469 449
76 359
36 286
194 92
352 391
24 421
390 441
353 174
396 34
156 230
107 81
346 377
132 63
144 107
379 272
242 147
408 391
225 333
121 308
358 46
443 63
16 379
249 199
456 94
399 372
111 246
292 237
333 113
92 400
37 262
291 174
475 65
489 373
255 150
141 79
318 74
10 50
8 158
395 67
235 363
491 167
487 209
193 488
470 417
7 386
381 82
282 316
418 291
246 300
63 359
381 199
260 221
371 385
308 119
373 318
250 26
322 489
66 147
384 7
490 464
30 74
324 459
293 400
426 71
202 397
156 51
237 349
311 367
265 187
479 245
88 333
451 402
341 260
367 481
141 393
246 257
500 205
412 284
59 28
204 408
399 19
209 474
376 32
122 363
335 53
283 224
7 260
258 23
157 453
187 4
3 435
101 352
282 135
38 442
371 341
331 228
27 26
320 246
38 363
27 39
457 79
498 269
187 84
277 283
89 369
32 437
457 270
278 265
426 499
328 397
30 220
396 275
11 399
400 308
300 245
187 407
321 228
500 397
209 38
41 198
229 11
268 356
32 316
378 269
322 232
11 214
321 153
309 424
451 408
324 173
46 305
138 121
31 148
59 69
58 245
31 228
7 120
247 362
204 184
179 385
399 175
368 214
401 252
269 243
192 483
234 350
497 41
122 285
459 260
413 427
246 65
260 258
284 448
246 259
287 352
7 139
286 245
356 181
304 137
44 381
141 36
400 266
243 52
6 282
486 6
194 120
482 342
452 399
372 426
112 313
226 302
240 372
119 138
425 107
30 412
255 61
1 232
274 320
148 49
63 471
165 419
376 90
448 172
383 203
289 371
393 304
284 390
417 138
341 287
190 255
124 141
372 454
144 423
392 371
40 490
138 384
171 343
400 391
131 306
87 243
182 59
208 426
246 401
279 319
481 141
83 393
292 490
448 1
12 402
40 335
347 142
322 355
179 176
477 247
280 268
359 26
402 296
227 396
379 416
162 242
114 418
331 153
386 308
103 383
352 296
187 20
172 78
470 343
412 147
41 380
375 457
147 390
258 326
166 187
403 192
178 456
76 313
311 245
140 345
263 462
339 432
191 141
219 359
138 386
247 408
493 329
411 415
478 156
230 258
330 324
220 37
215 204
382 90
36 457
340 226
403 26
47 186
96 49
213 208
49 8
247 184
391 417
120 105
64 249
350 261
249 470
215 352
12 408
267 393
221 385
322 224
347 493
284 446
151 335
371 215
308 169
357 59
286 226
107 344
420 457
306 349
321 148
75 384
378 144
491 470
413 500
167 323
319 346
317 97
89 252
298 231
147 318
96 123
38 364
126 396
111 245
367 299
439 49
451 351
499 5
397 410
160 462
411 47
57 49
27 22
10 249
144 498
318 441
438 48
247 104
491 44
441 382
295 165
177 400
491 255
162 99
2 329
150 432
474 372
347 368
12 104
496 424
143 497
333 460
422 417
21 277
334 422
427 140
87 403
251 292
383 220
151 237
301 500
415 60
25 5
403 63
396 147
367 143
422 353
174 419
75 139
162 465
278 142
288 463
297 41
160 111
23 247
33 63
261 169
270 3
179 184
246 279
84 123
483 313
129 258
488 447
359 22
258 371
321 317
38 113
285 5
386 67
424 202
252 388
319 187
187 327
388 369
431 169
208 312
53 266
232 298
48 89
395 117
381 64
424 174
477 451
165 163
74 231
258 51
29 255
214 160
361 343
48 47
61 119
453 379
84 278
378 192
399 47
62 5
353 165
6 32
160 229
314 379
408 261
107 245
438 463
218 441
37 315
226 235
361 253
443 225
445 397
147 232
157 430
306 151
219 310
366 342
208 454
83 210
67 469
246 100
421 331
73 287
192 498
499 68
488 35
37 448
11 332
17 313
78 1
389 25
59 222
287 9
315 103
123 166
7 324
304 333
347 288
245 457
452 393
446 172
339 385
219 52
60 11
297 143
356 283
247 385
87 178
6 172
289 51
229 297
201 94
128 17
10 140
27 76
183 45
381 185
201 313
443 112
263 288
301 50
396 283
495 300
75 177
276 157
3 245
369 434
165 179
374 457
417 151
30 390
315 376
295 361
291 343
472 155
499 430
152 271
135 355
282 149
342 467
109 427
253 491
453 137
149 355
418 82
309 339
383 282
171 496
53 236
358 277
491 199
105 402
279 239
241 187
195 402
15 277
76 443
381 253
162 488
385 21
427 323
160 332
29 179
106 67
435 246
121 384
25 285
484 350
120 221
332 368
199 323
52 157
80 488
494 467
86 379
256 152
370 217
389 379
114 82
128 22
391 255
446 1
94 363
7 177
63 76
243 144
175 122
400 138
156 130
232 338
475 116
232 283
353 361
231 220
497 229
113 94
487 272
221 324
420 3
303 220
197 122
383 412
500 167
5 482
493 475
213 122
481 452
95 352
138 255
75 408
490 136
306 224
420 329
488 77
281 396
344 246
330 260
495 398
179 109
52 178
389 62
22 313
388 48
392 152
227 206
491 10
487 416
129 247
347 479
97 277
347 463
367 145
402 101
114 253
392 406
417 431
146 208
32 242
494 216
247 348
184 12
29 184
448 376
289 478
154 214
252 47
245 435
178 269
24 279
123 273
178 144
327 58
247 127
396 441
387 151
406 354
332 297
71 226
43 255
325 48
471 94
354 371
409 333
49 337
363 481
207 402
492 242
97 35
225 112
348 258
188 391
26 76
36 3
490 155
379 483
95 7
293 72
250 63
396 74
130 289
224 155
247 326
310 14
417 177
233 130
455 335
361 413
488 290
395 181
471 22
162 193
500 345
202 339
3 374
367 197
286 377
385 12
440 426
248 434
239 123
418 50
291 253
391 173
380 143
338 278
399 288
459 371
118 361
191 122
57 224
58 145
195 7
328 418
447 97
150 188
155 237
240 81
171 253
80 168
347 2
216 342
45 224
344 197
433 134
315 242
224 1
167 417
389 363
279 488
269 87
16 487
328 413
247 230
188 139
272 81
78 37
364 83
411 325
304 83
49 357
448 103
224 357
169 67
345 179
81 333
72 255
151 386
455 21
130 258
309 433
449 293
491 64
54 373
278 245
226 312
379 209
352 105
491 185
90 103
168 97
123 24
262 103
342 272
151 169
71 474
313 363
211 347
102 45
495 111
397 496
303 268
283 464
192 17
334 165
223 117
392 127
70 206
26 378
461 381
230 392
399 65
308 408
422 410
363 86
251 45
5 366
192 423
343 417
141 159
349 251
14 333
370 367
407 123
449 253
57 321
309 427
62 364
246 107
389 366
270 329
442 359
435 65
457 124
302 331
151 408
157 487
90 224
66 34
73 247
71 19
226 466
324 152
125 72
478 258
320 97
163 361
389 482
107 453
278 158
278 480
461 491
265 421
169 138
392 23
17 238
346 239
268 181
325 252
420 65
471 219
411 307
96 80
17 27
401 245
200 82
367 122
409 430
329 370
364 482
205 417
154 294
389 467
444 45
293 386
422 496
248 143
211 2
81 16
386 61
119 104
225 313
96 321
190 253
199 417
144 426
122 141
291 413
58 340
389 216
356 21
348 392
158 421
121 234
473 229
372 286
237 431
327 97
106 117
456 22
291 118
251 117
179 433
311 278
488 356
67 266
43 133
111 347
76 219
260 384
176 140
468 321
131 138
310 333
50 253
75 104
103 78
385 150
463 246
58 319
363 128
111 399
404 290
221 92
39 313
448 242
109 417
417 44
315 66
190 470
7 296
89 411
143 111
224 337
332 154
60 450
6 284
52 333
224 18
38 63
339 29
144 285
141 197
97 77
373 322
361 109
187 331
303 395
157 379
206 126
274 290
265 279
469 200
284 316
360 24
358 70
122 379
340 148
406 256
192 178
394 22
327 80
89 60
329 299
215 12
271 348
49 182
370 2
90 172
356 106
399 368
103 446
417 104
206 281
187 429
97 193
434 252
82 205
131 308
471 333
179 301
238 310
245 160
290 265
43 339
244 396
224 439
242 74
473 332
16 144
63 112
426 389
363 494
232 34
225 442
179 43
228 148
326 392
26 178
417 461
356 472
488 303
452 122
348 256
256 23
120 207
292 335
124 3
469 381
329 226
217 475
52 137
12 92
247 51
123 429
295 176
45 305
231 355
120 477
229 380
173 151
408 7
275 181
171 118
455 45
335 308
112 26
267 481
131 177
308 417
45 292
397 179
396 18
245 65
156 95
361 334
339 184
81 38
255 500
76 22
379 235
7 108
245 164
321 337
90 282
332 497
430 137
363 5
139 119
196 393
245 430
355 30
49 278
302 404
426 494
39 359
58 226
78 376
176 353
246 160
474 146
84 360
159 369
310 359
329 154
177 335
320 142
94 403
490 349
152 260
5 467
97 99
94 132
185 417
38 460
392 129
96 464
338 266
61 188
363 192
220 135
247 215
455 117
411 479
470 381
231 412
125 500
224 298
441 282
58 239
345 353
253 82
120 351
310 27
412 135
26 498
291 109
391 194
119 21
173 195
495 245
112 22
437 284
63 378
422 212
332 263
483 238
417 301
174 171
243 192
105 7
416 83
92 371
60 186
97 465
331 317
252 438
345 417
247 130
326 256
263 367
469 114
407 278
206 264
341 348
386 121
6 1
356 485
319 97
72 133
361 212
40 45
277 472
365 160
391 131
75 324
359 52
51 392
13 141
49 222
21 131
332 401
165 212
16 146
454 83
100 435
115 63
76 107
13 457
87 144
157 474
12 156
417 119
97 337
487 409
458 63
23 354
37 446
283 400
37 6
97 239
445 422
242 298
249 385
247 478
401 462
350 455
9 348
448 66
345 470
8 321
84 302
312 71
326 354
118 179
485 268
400 61
128 201
107 342
292 21
479 399
67 179
49 69
459 348
278 166
428 106
354 51
34 218
118 50
495 473
356 155
396 21
249 188
178 63
309 476
443 26
206 318
396 472
168 377
94 178
156 451
213 399
441 376
177 260
149 448
323 461
30 448
107 113
89 41
293 114
316 1
94 460
80 319
454 342
402 351
298 66
455 121
255 449
209 107
333 276
252 479
233 348
1 437
442 112
338 99
428 261
263 111
278 429
17 487
256 51
18 206
405 347
373 90
417 64
61 125
94 180
490 119
193 338
94 364
248 229
274 279
257 435
291 323
317 148
302 407
76 426
443 17
389 81
172 437
41 450
39 52
482 285
117 292
354 348
57 97
177 120
363 482
283 181
53 283
16 372
45 472
302 480
199 500
396 106
116 435
302 319
475 2
3 79
413 171
116 246
278 367
96 58
479 463
472 181
246 346
361 496
305 464
246 2
4 123
9 95
431 408
461 500
364 467
471 359
61 169
7 287
128 442
433 328
361 323
125 391
260 139
227 358
400 104
220 97
390 135
474 208
296 156
407 360
240 208
206 322
222 224
24 97
24 346
125 491
41 11
143 198
455 387
500 64
500 328
474 17
98 345
80 239
169 121
26 243
52 238
44 500
224 69
92 247
86 426
52 14
176 163
107 483
304 226
392 130
61 408
474 409
318 135
412 37
121 484
300 143
120 91
139 400
69 321
264 358
189 324
143 245
120 169
27 483
185 500
404 58
184 75
422 93
62 68
306 356
295 345
135 396
347 123
360 246
314 333
28 49
5 379
416 210
476 134
71 425
41 415
134 427
172 441
216 5
135 232
162 303
74 232
256 230
71 16
206 90
67 339
434 48
427 339
426 453
350 251
354 230
127 354
237 308
468 97
58 407
402 477
134 291
316 172
297 495
467 285
489 46
317 31
175 344
53 292
390 37
61 339
89 143
208 191
135 448
337 331
364 216
261 150
452 197
235 272
284 318
405 479
278 55
488 15
366 364
80 141
43 150
397 417
98 249
400 384
495 246
156 195
482 379
10 353
271 23
97 69
30 318
25 363
148 337
68 25
492 66
107 197
18 358
409 38
128 460
386 400
475 161
276 310
44 323
53 96
363 467
141 11
493 246
11 473
312 466
243 63
106 181
90 203
97 222
376 34
332 438
24 58
307 60
320 311
320 367
15 162
408 121
30 492
255 151
318 37
214 263
367 208
94 250
68 467
418 200
3 375
365 263
302 429
286 154
283 303
97 305
335 349
146 363
99 303
131 61
179 61
160 347
376 446
219 394
249 261
420 246
184 432
283 485
52 27
323 185
283 268
444 117
421 404
203 441
376 262
131 104
111 141
303 275
99 356
314 38
160 60
371 391
183 117
385 72
150 29
482 426
64 323
7 101
344 71
289 348
132 22
286 111
350 183
63 225
494 81
107 314
434 411
435 2
150 345
488 168
28 224
120 362
304 38
187 239
332 325
143 246
339 391
460 474
487 137
473 160
156 477
369 367
306 308
326 271
372 363
120 384
491 133
324 326
363 238
472 303
396 30
62 363
26 38
116 399
37 396
265 123
324 169
64 82
80 265
411 159
97 28
91 352
98 343
156 351
94 33
402 91
87 192
277 227
397 470
386 119
354 130
4 278
284 396
379 17
420 116
255 92
218 298
443 483
246 405
433 417
390 383
332 47
356 15
442 63
422 174
498 63
245 71
430 333
463 160
479 332
2 399
148 226
222 321
427 328
340 347
448 322
129 354
7 91
287 459
74 224
144 240
249 345
335 61
359 394
391 179
72 188
302 347
92 189
324 384
53 484
232 30
151 371
477 7
438 462
45 356
293 323
261 234
293 131
24 80
441 232
362 451
207 156
434 60
114 470
475 211
45 349
441 149
266 234
191 452
478 354
435 493
58 84
364 344
123 20
463 111
417 118
226 42
72 253
347 370
277 306
161 246
426 483
120 156
336 358
39 471
442 26
487 333
215 92
97 268
235 487
422 110
372 379
75 215
479 48
15 97
127 256
237 464
331 58
392 478
491 98
500 427
117 385
335 92
332 248
378 94
201 238
421 377
344 191
200 293
263 300
453 16
350 45
159 332
16 342
185 82
135 224
437 37
391 189
115 94
262 242
465 356
277 155
314 94
236 131
313 52
19 364
356 193
256 129
221 391
304 312
237 136
401 214
318 383
271 406
123 241
353 427
139 131
435 161
97 357
235 81
199 82
261 72
358 281
22 250
332 380
339 476
467 379
402 7
492 322
137 474
44 82
247 391
143 415
371 121
363 366
493 399
472 232
277 70
263 60
61 371
54 135
128 52
385 350
123 331
418 469
368 60
105 156
1 373
488 46
159 252
323 171
202 422
162 280
415 332
216 363
256 130
379 25
457 56
65 270
408 138
451 104
195 169
363 443
405 111
187 24
412 396
271 51
235 344
492 149
76 52
421 407
371 152
291 339
162 66
430 38
414 206
313 460
197 71
179 427
245 2
237 61
81 440
230 271
418 293
374 329
226 187
25 426
131 417
67 408
172 34
245 475
22 443
151 247
76 39
202 433
489 135
347 148
63 87
340 164
41 307
307 143
367 332
213 344
396 383
427 295
454 466
207 7
138 188
245 364
98 397
98 301
121 173
470 82
101 156
458 94
444 53
471 137
17 63
50 323
245 235
408 400
489 336
281 277
131 386
278 59
103 437
232 383
201 192
400 417
253 469
391 12
182 224
377 319
435 267
288 369
369 111
21 349
117 102
141 47
418 185
386 335
88 52
92 204
26 17
108 9
318 46
399 100
362 402
321 278
417 386
53 305
338 35
416 81
136 268
46 15
283 67
376 437
385 204
245 145
169 95
418 44
194 151
473 186
168 246
60 388
366 379
423 63
242 78
488 319
150 184
128 314
363 68
346 488
9 351
270 116
71 246
324 51
402 352
242 437
495 248
56 3
20 278
251 121
418 353
169 91
324 406
41 160
94 243
315 149
151 12
149 32
285 372
299 2
397 110
484 387
204 391
238 471
358 414
135 492
493 420
80 286
91 156
102 350
71 175
485 275
138 371
486 149
235 342
318 231
327 302
432 67
243 22
68 366
28 321
15 338
343 150
98 118
105 169
234 385
280 488
197 430
286 210
61 432
10 295
249 343
384 119
7 104
358 126
338 465
58 158
10 381
223 350
153 148
486 66
402 73
422 249
143 450
418 199
303 465
201 443
291 328
413 50
352 207
264 277
130 271
485 162
441 103
463 495
337 31
240 342
306 431
11 297
162 136
43 72
478 233
404 319
285 481
352 151
76 16
495 497
495 347
412 242
107 499
94 304
347 300
155 335
255 82
450 332
315 135
488 136
371 67
46 268
300 399
213 71
370 475
362 156
260 326
216 68
144 342
327 488
214 438
257 399
329 210
148 468
489 281
400 169
438 405
162 97
238 460
359 250
301 470
480 58
29 72
379 62
253 353
85 317
83 240
347 401
40 21
231 396
336 318
338 220
111 294
37 316
120 139
203 34
72 470
155 396
188 92
232 284
143 347
149 34
266 358
320 245
246 430
371 308
304 344
472 464
406 260
364 425
6 103
22 403
171 109
96 279
34 103
255 200
278 31
277 18
200 253
265 148
310 313
47 214
188 491
222 148
22 38
364 128
228 96
351 7
176 212
9 195
53 102
359 456
253 295
278 85
170 260
444 155
360 480
378 22
82 167
322 315
498 94
352 121
150 397
279 331
277 336
329 124
404 279
186 41
162 283
448 231
448 90
149 437
359 243
293 169
469 185
362 9
416 393
423 26
181 162
71 191
160 297
160 248
22 115
491 261
387 308
114 10
331 222
14 313
175 430
253 140
391 335
350 444
373 277
488 485
139 339
38 487
68 482
41 263
50 109
481 196
106 303
277 45
54 74
412 66
226 164
268 275
469 199
423 94
417 121
73 451
34 224
246 211
329 79
5 426
353 413
245 304
263 347
305 338
7 156
379 68
320 488
399 161
97 439
472 53
215 451
104 255
500 188
72 432
107 17
322 336
223 121
255 121
444 121
216 379
251 53
254 278
235 499
228 8
94 409
466 344
313 314
60 401
26 87
443 460
320 404
418 167
3 13
7 362
105 9
278 273
338 77
482 81
351 352
245 116
156 73
376 6
397 93
281 318
261 500
214 325
218 412
358 488
406 371
100 420
148 141
163 427
262 149
388 411
107 440
353 301
218 147
147 149
488 283
52 276
399 481
446 242
270 100
353 118
255 431
58 429
302 273
441 448
116 79
259 254
125 449
393 399
87 94
449 261
464 224
254 421
370 246
164 278
215 391
371 400
224 441
149 412
7 9
255 323
73 120
82 10
140 301
262 66
124 116
350 292
460 192
22 87
67 29
72 10
96 168
399 377
114 255
184 350
64 418
371 431
174 397
418 255
185 255
229 450
160 497
352 362
224 53
138 335
166 302
265 319
388 41
470 449
404 327
197 364
312 83
67 96
261 371
141 288
185 253
67 352
22 498
271 127
85 337
73 7
263 229
491 385
293 185
489 414
308 255
113 128
94 269
68 285
267 278
280 428
197 196
392 287
16 208
422 491
31 153
193 303
152 348
165 496
497 11
148 69
83 426
401 229
471 157
435 370
27 201
188 449
136 335
414 277
155 303
338 396
72 184
22 17
496 176
295 301
215 385
174 361
446 149
311 279
439 321
487 122
366 285
96 337
65 267
121 292
500 291
265 168
380 495
321 357
178 22
143 399
398 160
469 61
247 121
335 104
449 10
334 176
22 180
352 73
292 387
162 35
12 9
49 259
347 369
487 372
43 491
463 143
232 106
390 231
80 404
8 31
68 426
304 19
381 293
417 427
454 499
27 363
450 495
168 274
135 262
360 429
359 87
241 278
430 213
66 74
34 382
427 98
165 417
206 54
382 412
5 81
147 224
418 205
155 181
414 318
99 280
34 282
359 14
90 355
54 336
252 367
447 338
72 67
466 240
186 497
359 88
183 53
352 477
98 433
133 500
107 175
421 480
61 306
240 393
322 262
244 303
497 263
469 205
316 376
431 352
285 62
421 84
439 148
247 431
263 473
261 484
81 68
426 366
236 151
198 332
201 63
280 193
41 434
99 136
461 82
442 22
427 496
313 364
459 362
427 212
426 467
148 28
149 78
464 277
99 283
385 75
359 378
459 105
95 173
324 139
253 212
103 316
343 50
448 34
10 190
27 471
449 133
185 470
421 429
169 207
384 131
195 189
427 202
196 122
125 418
62 426
421 273
264 489
426 17
278 145
274 224
285 453
121 102
277 126
293 205
273 58
33 22
489 277
92 306
327 377
339 50
266 264
323 353
321 182
461 418
379 481
327 407
329 377
90 336
483 63
58 347
116 374
333 453
24 302
1 206
498 359
434 143
10 212
365 401
197 399
421 338
426 216
81 366
458 22
493 270
332 347
184 234
133 184
363 63
223 53
359 132
409 128
141 368
257 420
475 267
492 90
276 359
169 287
263 246
39 128
118 470
31 222
195 221
226 83
37 232
387 431
7 459
98 190
325 462
475 299
185 10
352 400
260 408
491 29
23 324
338 277
246 270
476 328
347 252
500 476
51 260
189 151
67 224
71 363
169 73
63 460
435 211
488 264
18 266
332 89
185 125
88 313
359 17
252 111
90 262
267 3
352 156
261 292
131 169
201 359
358 66
34 355
261 455
169 101
303 15
81 467
31 69
89 495
445 361
97 303
74 218
83 16
17 442
479 214
256 478
101 9
261 444
165 445
124 100
7 215
302 141
16 483
292 385
188 431
67 247
319 407
129 271
377 488
344 83
284 224
451 9
361 110
236 431
451 385
104 306
294 159
219 243
22 423
13 329
121 183
266 336
444 387
369 300
90 315
285 216
193 46
416 344
81 62
329 80
86 81
393 454
253 199
324 129
46 303
466 426
213 107
261 183
201 26
162 77
175 364
205 253
188 190
65 226
373 266
53 350
444 136
335 417
242 316
82 125
370 399
168 311
184 43
394 39
377 65
413 179
191 107
493 124
450 160
10 199
209 426
98 449
53 277
403 359
320 407
122 81
52 443
85 153
97 377
293 253
361 410
162 275
330 371
405 495
457 267
298 149
192 314
106 268
347 164
178 359
399 495
118 150
216 81
310 76
149 74
305 264
200 125
400 247
250 219
65 124
347 187
253 167
58 166
134 500
58 4
165 98
179 476
135 373
16 209
27 88
389 107
485 106
246 369
125 323
266 126
379 460
371 131
320 145
385 484
6 242
161 245
27 14
488 246
65 374
279 245
138 352
162 218
211 399
450 11
117 349
304 197
136 220
195 75
463 300
250 39
355 441
60 438
78 66
462 47
369 245
139 195
162 338
367 107
425 304
318 264
446 66
93 361
233 287
400 96
108 459
464 335
146 379
329 148
9 73
413 417
367 411
343 353
121 194
446 322
259 274
114 98
419 176
420 370
334 427
88 76
287 152
98 185
103 412
399 217
253 496
235 144
138 247
304 175
477 9
239 302
409 313
208 141
194 324
253 44
472 485
169 351
433 470
235 175
9 207
439 31
339 361
313 276
229 368
44 469
165 174
285 209
155 102
401 399
316 149
471 313
405 300
355 383
277 318
431 194
217 435
143 388
350 119
477 169
73 173
52 17
430 201
282 412
388 332
141 123
54 414
58 254
328 179
246 252
133 190
364 246
459 351
8 337
96 319
244 490
443 39
117 119
420 211
27 394
253 334
8 317
379 71
54 441
213 364
82 98
341 351
96 290
295 118
413 295
495 198
295 418
94 209
471 14
408 131
495 388
387 183
76 442
384 417
9 91
80 65
13 116
124 246
120 408
262 30
161 420
405 143
138 194
487 481
225 76
257 270
332 246
414 322
347 274
387 251
31 28
232 231
227 266
412 376
214 159
14 394
231 262
470 199
151 21
347 411
446 135
305 67
45 121
9 296
227 318
325 141
215 260
439 331
377 404
358 218
255 384
500 309
184 484
399 369
166 421
98 72
405 160
356 464
325 60
194 195
136 102
420 2
38 453
58 20
328 309
431 339
90 414
282 298
95 189
245 493
84 320
266 117
218 390
149 358
179 424
464 396
60 47
340 145
296 169
61 72
259 59
421 246
94 430
432 391
197 267
327 246
288 294
215 151
136 183
274 360
297 186
187 141
118 249
281 322
459 477
45 387
157 394
165 110
199 98
93 165
219 178
399 299
426 314
145 347
495 415
257 124
65 13
165 470
97 182
427 419
26 225
420 245
387 223
157 107
232 49
358 305
81 25
107 141
74 489
455 53
188 200
480 320
476 417
54 284
286 425
223 261
442 201
409 379
2 124
242 390
333 394
33 359
383 448
278 8
374 100
422 449
450 186
22 225
301 150
348 287
136 223
489 284
299 435
121 349
205 10
491 118
253 64
81 94
74 282
107 482
385 223
135 78
381 255
270 2
311 290
50 328
89 229
236 136
221 151
36 329
311 340
260 23
488 239
128 430
148 57
272 122
96 327
422 185
106 162
466 245
174 176
278 340
282 358
382 298
114 422
357 148
318 18
479 462
366 107
107 68
393 286
385 444
314 63
469 64
186 479
67 277
120 9
18 488
62 107
201 22
176 445
327 265
187 254
42 210
348 351
330 348
217 420
323 295
478 271
401 497
113 313
434 332
265 96
141 142
318 70
124 161
81 481
266 70
318 126
124 211
245 263
118 185
399 263
317 96
468 31
260 104
342 416
21 303
255 253
248 186
12 121
454 68
232 155
8 153
54 281
277 322
374 2
335 293
318 242
252 288
245 211
111 267
191 196
83 245
332 288
51 371
240 209
75 391
278 347
239 377
485 395
246 304
183 155
249 43
302 254
134 50
162 472
409 107
379 137
440 454
160 380
386 306
405 369
140 413
417 306
329 372
96 358
205 255
421 59
233 351
288 411
222 85
208 196
344 312
167 469
409 192
459 95
298 373
261 45
398 186
72 422
96 117
267 493
217 246
169 402
483 442
162 149
147 282
380 186
262 383
163 253
90 281
416 312
367 344
33 219
355 412
235 197
123 329
354 287
406 348
371 23
338 268
347 299
399 160
480 327
394 137
121 189
290 245
67 150
26 483
10 167
253 461
259 311
268 472
427 174
426 393
165 410
117 283
421 20
391 306
246 97
303 338
255 400
425 235
235 209
406 287
84 327
90 446
1 281
352 9
108 169
84 319
492 231
61 29
328 417
156 169
352 459
441 262
265 377
136 251
99 485
199 422
290 142
494 107
454 366
419 253
132 219
8 222
119 234
44 293
320 267
385 45
229 388
71 367
484 119
259 245
427 470
107 86
271 287
217 124
299 420
421 4
332 307
24 377
293 199
240 210
287 436
136 455
105 233
127 324
279 407
124 370
245 124
299 124
492 441
489 70
83 197
274 226
168 245
57 31
237 391
175 286
96 264
176 417
217 270
201 52
180 359
19 235
240 453
263 297
212 413
169 362
494 454
106 490
460 27
404 239
173 138
244 232
415 229
379 38
479 60
34 54
281 135
50 500
317 278
423 359
175 83
472 99
266 390
221 95
315 441
391 451
41 401
405 401
186 415
120 459
130 324
219 403
62 454
222 96
254 279
209 128
65 154
454 86
219 423
389 454
466 16
402 173
122 342
208 379
499 272
247 61
438 399
15 280
459 12
348 105
191 399
488 206
417 424
347 311
137 107
408 324
9 169
151 204
26 363
24 488
43 449
173 431
298 376
74 373
51 348
53 275
96 234
65 123
292 119
64 293
188 308
13 2
99 49
373 488
345 212
334 345
297 401
491 345
222 278
407 290
232 278
96 373
481 272
311 224
104 188
182 148
27 314
464 102
73 221
440 272
400 194
151 75
237 244
348 12
496 345
131 484
343 295
233 12
18 96
176 110
363 208
468 331
414 1
155 236
39 243
367 430
159 48
261 247
110 427
123 286
351 152
399 123
43 500
207 173
176 470
37 224
226 3
365 368
252 245
388 186
93 176
159 186
322 70
408 293
279 84
378 219
249 301
426 113
320 340
74 376
35 303
145 226
464 303
274 346
358 303
168 404
160 388
282 162
337 278
419 345
204 121
238 394
141 71
208 452
348 477
226 493
342 481
431 204
180 219
232 254
134 179
114 118
285 483
131 255
99 275
27 409
374 217
459 195
194 67
243 14
214 347
331 80
260 127
427 445
75 95
81 128
371 326
231 315
107 460
200 133
59 58
94 453
274 327
125 253
16 17
329 393
229 198
416 499
194 61
204 120
150 427
481 499
253 174
50 179
188 131
493 374
301 212
443 314
97 274
208 399
61 387
240 344
365 479
209 313
362 348
173 105
97 311
391 7
10 419
98 381
426 409
260 130
118 72
360 273
39 403
110 253
265 346
173 362
345 110
35 356
56 329
144 416
499 16
327 429
202 476
487 208
18 489
227 489
14 250
14 403
297 368
451 184
169 417
128 310
136 350
245 217
397 249
182 31
89 186
390 488
403 238
166 360
269 22
112 52
231 446
246 299
392 351
406 351
253 188
175 466
385 449
276 27
113 27
405 399
89 160
224 400
303 77
142 259
287 51
69 331
270 161
214 288
245 100
373 305
296 459
149 6
220 485
141 344
94 487
246 374
151 484
145 259
226 294
230 324
256 287
116 267
21 232
318 218
229 307
385 500
295 109
66 32
60 154
376 162
145 141
23 348
445 253
142 168
70 90
246 235
461 10
272 372
203 412
75 92
241 58
42 393
318 266
29 249
106 237
470 205
308 247
112 39
399 122
496 10
259 8
374 257
459 91
191 267
127 371
12 431
376 147
348 127
177 324
15 136
382 162
257 13
329 375
352 61
312 245
442 363
174 345
461 470
175 312
350 349
188 400
259 321
306 293
119 45
107 196
432 491
181 21
416 175
412 448
135 32
328 202
282 318
105 392
443 409
469 391
454 344
174 10
184 7
10 200
197 466
401 473
487 201
407 168
255 177
13 217
105 221
308 352
345 163
444 119
303 447
292 184
464 236
350 155
229 434
393 16
97 245
43 200
452 107
461 98
306 303
96 346
311 360
331 319
23 287
459 169
103 162
394 313
236 244
139 335
408 417
183 385
301 491
11 380
133 67
466 246
331 28
463 401
102 244
85 28
441 446
217 267
171 339
331 265
292 136
71 196
179 291
175 240
492 383
356 77
5 107
214 367
40 350
141 479
151 451
78 90
332 245
230 260
454 209
91 348
313 403
248 11
39 17
463 399
399 107
129 260
245 411
33 39
147 54
288 48
53 349
175 454
141 300
70 54
350 151
245 360
339 92
461 469
322 18
135 486
472 67
153 96
482 454
28 96
400 173
329 111
144 272
434 495
322 264
453 201
221 207
93 427
277 400
496 413
16 344
16 409
422 381
401 248
240 499
151 7
121 40
228 278
216 107
66 316
258 287
171 500
10 44
288 186
162 395
313 243
226 435
449 29
86 272
35 46
38 474
320 164
139 125
245 257
219 443
398 11
466 19
349 387
102 106
319 254
12 400
176 98
339 400
177 306
75 207
252 300
349 261
179 309
359 458
424 470
162 203
264 303
200 385
261 251
270 245
158 279
144 481
474 94
260 478
162 21
309 291
320 429
117 151
269 359
466 425
108 348
406 105
10 334
93 253
267 270
500 202
106 236
437 66
219 498
51 351
233 91
254 99
292 151
261 102
68 272
85 468
363 22
140 418
213 466
307 495
79 257
302 4
31 259
64 255
142 279
186 198
413 174
272 209
446 30
245 370
226 416
164 141
108 173
353 109
39 180
270 370
162 448
139 469
80 407
479 229
67 173
237 104
304 128
61 133
266 414
36 116
478 324
142 97
401 398
140 323
91 173
36 257
371 417
24 404
65 36
412 172
472 400
34 489
132 39
343 140
260 151
225 201
31 357
461 293
246 319
185 301
146 487
174 301
417 237
71 399
90 277
35 280
282 390
386 324
254 266
101 173
141 463
107 25
260 184
288 60
418 174
20 302
257 56
473 368
373 34
374 245
12 392
255 169
308 194
231 78
173 308
115 359
301 496
181 99
470 167
160 198
179 139
83 19
17 225
66 6
240 86
339 138
259 85
329 145
280 46
340 141
151 490
184 491
383 446
324 204
259 317
445 345
391 29
481 86
371 130
150 433
171 179
42 154
193 136
261 194
267 370
307 186
397 491
438 365
257 267
385 428
175 16
380 401
279 59
92 237
149 318
199 255
231 224
141 438
92 451
420 267
495 141
312 19
264 15
262 412
255 461
360 331
316 135
221 108
351 173
363 466
316 231
11 89
355 162
304 213
43 190
383 315
53 261
210 3
349 385
48 347
492 412
415 160
125 64
396 242
107 38
460 442
385 455
235 213
9 173
205 98
371 170
34 281
331 182
63 409
367 48
135 414
296 348
298 448
444 184
168 145
13 493
352 261
84 80
52 38
356 447
343 491
375 257
170 348
53 356
320 166
65 145
24 265
309 50
82 422
302 241
163 10
86 16
120 104
294 479
2 267
246 24
106 99
103 298
251 155
74 382
351 221
472 117
499 122
421 317
358 376
60 159
293 167
489 126
107 467
331 168
371 129
372 499
249 432
331 357
69 85
430 86
10 293
490 280
327 166
448 74
54 37
166 319
132 14
278 226
73 75
143 141
181 244
467 454
45 184
96 468
367 186
173 156
419 413
306 138
219 112
226 420
462 159
368 294
456 219
276 76
336 488
1 336
464 181
220 242
344 399
238 314
314 442
164 259
99 46
395 490
322 78
116 56
191 286
431 189
162 172
411 246
345 93
255 386
278 99
488 414
93 10
255 44
3 154
179 400
399 430
431 215
14 76
67 12
488 318
482 272
396 282
265 239
340 259
417 194
233 362
440 240
335 106
87 219
298 355
355 74
383 78
232 85
426 137
322 126
188 121
95 348
489 37
244 335
394 276
203 298
245 224
31 421
10 469
422 461
430 141
75 108
279 145
105 152
440 481
77 46
96 377
454 216
256 351
154 365
226 370
113 63
200 470
67 43
391 387
173 261
274 141
14 180
41 368
448 358
451 459
100 267
481 482
16 210
142 329
424 98
328 470
19 416
158 232
358 382
254 360
204 400
224 117
307 160
359 363
251 106
413 93
11 307
304 313
100 226
483 22
156 221
142 360
442 52
238 409
333 474
229 154
364 27
394 76
235 367
487 128
171 328
10 64
272 366
438 294
91 221
123 370
194 131
125 114
449 432
434 160
10 255
161 374
119 169
188 323
304 367
470 109
363 52
188 64
349 136
146 466
304 141
146 83
408 255
14 33
245 299
301 114
259 228
207 189
398 263
405 141
52 483
281 298
337 259
76 471
264 268
297 154
197 312
53 121
123 100
493 210
97 145
267 438
346 311
22 314
246 239
423 14
267 124
16 440
264 90
354 351
470 469
173 287
310 112
136 484
154 41
18 305
138 12
488 227
95 194
430 440
388 11
459 73
128 471
395 99
313 487
74 103
185 343
364 63
300 332
490 266
287 221
411 300
229 438
14 128
221 9
244 162
351 271
312 425
128 394
201 39
202 179
103 358
154 226
100 154
16 137
491 67
439 85
171 134
135 6
41 479
410 427
322 316
325 365
293 371
232 228
285 17
40 117
118 461
402 221
200 261
281 266
461 301
333 379
348 73
51 105
235 440
445 10
447 46
299 270
118 140
223 119
421 85
283 234
219 115
337 232
483 359
315 30
226 270
418 188
352 417
371 119
28 8
333 107
287 289
162 262
147 382
46 322
224 142
270 211
98 167
107 267
464 251
482 16
119 408
414 34
431 451
335 384
265 254
34 262
308 339
175 329
14 456
431 221
106 488
267 208
239 274
436 351
491 433
298 414
106 444
20 360
265 59
339 353
313 180
108 189
461 343
499 144
300 48
7 92
285 137
275 67
313 81
119 183
364 367
138 204
311 239
219 269
365 159
121 451
386 195
479 297
463 369
212 418
454 5
470 44
380 263
356 338
305 318
464 232
205 422
286 197
319 429
34 492
159 229
471 276
202 291
470 413
119 255
251 244
135 437
202 50
151 120
102 280
102 387
339 131
182 85
331 232
246 265
237 177
176 150
431 75
24 96
261 136
169 335
344 196
197 416
370 374
374 299
42 123
96 69
490 131
385 102
111 332
251 280
500 432
90 18
278 153
306 384
373 303
488 275
99 259
348 352
351 258
260 391
183 184
89 401
28 278
237 138
386 188
100 111
103 147
437 322
190 422
45 303
120 184
139 432
319 59
348 326
259 28
217 36
316 90
453 235
147 448
12 51
364 443
267 288
216 272
155 261
63 304
273 327
299 13
400 432
58 338
280 77
226 457
466 474
377 370
331 57
331 24
230 371
200 98
303 18
85 357
125 381
478 371
30 78
486 322
85 57
124 226
162 464
225 363
273 320
442 39
362 221
161 267
27 403
243 238
266 49
261 190
430 191
115 14
342 372
275 220
155 349
67 204
244 99
13 370
19 286
300 214
490 431
123 457
127 287
49 77
348 195
298 172
395 428
259 367
327 20
331 346
14 87
294 300
119 194
270 123
470 293
274 319
386 339
244 444
188 384
15 275
80 429
94 379
186 434
349 106
36 370
348 130
371 335
248 263
318 66
34 446
387 177
16 216
303 318
296 173
323 133
262 298
249 67
78 441
227 303
90 486
311 226
91 51
280 335
263 405
286 196
254 346
294 123
468 278
157 403
39 115
449 67
59 302
266 259
98 44
123 254
147 489
351 127
200 432
128 403
237 293
322 6
95 386
306 396
32 322
456 39
105 271
303 206
387 53
287 130
343 174
334 413
5 272
227 322
49 220
321 421
422 167
287 326
469 400
431 484
83 425
27 304
267 122
458 219
259 267
266 322
490 283
207 459
297 438
40 387
331 99
399 304
56 217
23 351
447 264
355 358
2 226
206 305
413 445
137 403
409 442
289 351
177 188
330 287
123 2
421 8
146 499
494 272
264 35
121 75
282 220
99 264
320 347
359 314
198 11
348 7
472 488
10 110
317 232
36 299
463 263
235 141
285 146
92 260
197 16
77 264
77 254
197 240
422 200
32 90
118 449
329 196
168 254
2 36
232 8
460 359
314 112
226 116
344 452
172 358
167 118
397 461
65 111
42 196
454 210
320 265
219 201
131 352
89 263
180 238
129 348
16 314
245 13
348 230
463 294
98 109
312 16
438 41
72 391
84 290
268 373
7 233
333 403
185 188
75 400
401 198
430 313
126 488
214 246
8 468
96 490
112 460
112 471
211 374
500 353
104 387
5 16
215 121
451 348
42 372
208 285
56 370
280 447
151 188
5 481
235 399
371 306
465 280
278 69
111 226
267 374
290 331
201 474
226 217
494 16
133 185
229 325
149 390
320 20
99 464
376 318
267 211
227 90
177 339
294 143
466 379
154 370
313 250
108 386
251 395
294 47
65 288
417 291
364 141
178 14
113 443
121 339
103 318
181 488
394 112
219 442
54 231
339 384
128 243
137 243
251 385
272 467
370 111
123 435
72 139
450 401
271 12
389 272
445 301
1 70
496 418
447 136
14 458
80 166
461 345
413 98
470 291
279 429
290 429
125 199
54 18
396 218
29 139
493 393
13 161
115 313
292 131
118 199
172 74
4 360
24 407
147 172
34 206
149 396
416 245
94 107
155 162
336 34
55 259
301 199
101 221
365 47
96 239
413 110
34 315
396 103
475 226
11 415
464 485
56 2
251 266
54 277
106 183
119 352
80 254
364 442
125 205
408 188
7 431
274 421
113 442
383 224
16 366
457 377
442 310
237 386
17 240
98 293
94 426
400 275
316 30
368 248
252 405
195 384
396 376
161 36
133 418
281 488
177 236
477 173
6 90
410 176
79 370
285 314
320 4
206 298
404 246
250 238
289 105
53 40
431 292
368 89
391 133
293 352
265 274
80 480
490 224
208 286
60 367
78 34
349 244
128 453
221 296
105 127
149 220
87 39
399 364
118 174
347 210
105 23
407 239
475 154
297 325
473 154
412 446
223 184
210 65
272 146
128 474
277 117
75 287
238 364
120 215
140 109
167 255
274 329
111 3
118 205
48 246
86 235
491 391
123 3
231 6
142 346
162 446
245 48
58 141
118 212
285 409
391 120
118 190
390 103
254 290
185 43
301 334
253 410
144 440
66 396
383 316
44 125
210 475
353 134
29 200
179 353
160 141
386 387
469 98
196 430
438 473
343 114
450 263
309 417
232 412
123 493
396 49
301 419
212 343
184 249
324 391
79 2
191 364
477 221
250 128
210 124
375 116
483 225
184 455
483 39
51 362
24 274
40 261
188 381
280 237
390 66
353 328
47 267
451 400
419 418
83 246
425 416
441 316
436 105
40 136
202 171
39 363
151 45
268 464
174 109
114 188
126 90
265 404
219 483
39 178
278 357
274 488
340 97
99 155
177 195
349 184
180 128
356 67
418 43
99 21
246 186
438 248
155 40
356 400
1 18
361 500
73 233
16 19
368 398
189 400
244 485
495 294
95 139
200 67
391 150
202 417
446 298
5 240
391 249
83 213
154 116
54 227
428 266
278 182
416 209
64 133
255 98
158 99
70 488
324 104
385 53
493 36
437 90
3 377
138 387
172 396
294 405
310 201
210 2
257 226
245 16
232 321
100 13
219 363
197 329
169 188
425 329
481 494
301 93
267 368
59 360
294 11
452 430
189 67
7 51
392 7
136 46
141 369
141 278
128 276
193 264
241 360
225 52
186 300
83 141
412 315
220 66
108 233
280 264
346 404
353 202
369 294
389 16
125 461
74 203
90 46
255 470
455 119
303 67
272 453
287 129
449 184
441 489
349 119
