33051
1000
38
22
56
24
79
92
57
57
50
65
84
27
79
28
84
39
76
21
94
42
27
96
43
81
52
35
25
24
83
54
11
34
60
16
37
16
46
51
93
39
99
47
40
90
22
72
79
74
90
27
98
70
45
58
43
21
29
67
44
60
67
33
68
43
38
96
99
72
71
80
70
44
86
87
47
93
66
82
46
43
81
91
69
89
93
21
22
39
46
76
47
58
64
78
41
65
100
53
40
88
79
74
36
43
28
28
43
16
26
40
95
43
10
53
30
18
70
38
90
91
69
61
77
88
80
69
42
11
56
36
15
71
88
96
36
77
59
64
67
80
36
81
16
41
69
54
48
15
39
86
12
61
34
23
91
37
82
91
86
18
58
43
80
33
94
57
55
13
66
95
54
30
55
95
77
49
43
98
25
30
25
47
58
35
97
20
85
17
26
71
41
93
76
99
75
23
59
42
18
29
19
63
79
39
26
83
80
18
13
37
86
64
82
74
98
62
50
41
67
67
29
37
31
98
88
29
59
11
23
14
26
10
26
73
42
75
95
54
87
73
40
91
24
80
11
85
44
13
39
51
29
75
89
25
73
59
83
56
21
91
64
38
22
42
19
59
41
61
82
59
92
67
27
90
76
50
63
66
28
75
39
24
14
96
80
53
37
59
45
12
41
99
78
56
88
79
74
28
26
61
97
81
84
74
46
14
96
82
78
63
69
67
41
84
100
33
98
56
72
64
52
72
64
100
68
27
92
18
60
34
67
23
39
63
77
88
62
11
30
52
49
33
75
62
46
28
66
27
98
41
76
60
67
38
16
53
32
51
53
89
97
77
34
87
30
76
45
62
24
95
90
32
98
51
23
82
69
88
19
70
84
76
62
43
85
36
54
44
69
86
61
23
68
21
13
54
10
37
56
59
17
47
88
41
25
16
72
30
99
60
40
87
91
51
70
88
24
45
68
90
93
59
48
43
49
61
56
57
51
90
23
24
14
64
40
91
90
19
54
99
57
91
43
98
93
52
77
61
76
77
35
96
60
100
25
82
36
39
28
65
87
25
34
50
31
49
41
41
57
34
99
56
17
17
58
93
67
54
26
28
94
40
98
89
18
63
14
27
35
89
32
86
54
63
39
85
87
47
17
45
11
40
63
40
12
10
23
88
73
22
68
35
82
15
80
77
16
61
100
52
15
38
69
16
73
74
82
24
96
20
71
37
68
95
82
11
69
95
95
16
43
43
70
95
38
43
59
63
53
18
12
52
22
48
83
60
64
58
42
46
94
68
10
19
61
88
19
84
22
69
35
51
42
94
41
46
62
62
19
70
60
87
97
69
64
14
16
53
59
98
57
70
46
85
95
56
56
70
30
91
56
28
98
19
25
85
86
15
82
34
71
16
22
37
37
88
64
87
15
87
55
93
68
100
35
24
79
91
83
78
35
66
66
41
21
49
66
82
63
30
14
98
95
88
83
98
95
40
35
34
79
55
23
43
69
10
61
25
28
35
90
78
40
63
52
20
78
20
39
55
24
17
66
26
89
33
23
23
16
49
85
68
79
94
65
47
51
34
78
54
71
31
83
26
48
12
99
99
27
48
73
98
98
41
54
26
50
49
98
66
26
65
68
88
50
88
17
96
95
32
37
92
56
43
50
99
88
23
36
93
37
72
28
93
59
23
14
81
77
69
23
55
72
63
48
63
94
96
11
54
30
53
23
83
45
70
78
62
90
73
36
82
26
83
90
71
84
27
28
90
65
76
20
60
83
76
55
45
56
13
79
72
55
97
79
20
92
10
19
85
47
96
93
90
99
83
45
73
74
75
28
52
58
28
92
68
66
19
77
82
21
18
44
76
34
99
96
92
79
27
94
19
56
36
19
94
91
66
49
42
41
69
77
13
37
70
56
50
83
38
61
14
89
99
28
55
12
39
87
64
86
10
93
96
12
38
94
33
98
47
81
62
88
74
86
48
95
47
65
56
23
13
39
82
41
77
26
82
94
42
67
72
32
24
88
88
96
50
23
42
62
36
34
68
24
37
17
57
44
53
12
23
34
16
39
68
19
12
27
42
99
53
82
82
33
20
18
38
91
58
58
24
60
24
38
82
74
63
12
75
13
94
93
36
21
83
98
36
14
72
18
20
23
72
54
40
66
30
29
26
78
34
47
46
10
73
59
48
86
36
44
87
53
16
10
47
48
37
43
60
100
40
34
57
59
33
79
33
29
98
47
24
22
77
18
76
99
87
73
30
30
66
17
89
44
19
22
45
42
97
839 2
528 3
411 4
614 7
90 8
684 16
908 17
678 18
67 20
655 22
480 23
86 26
955 27
115 31
881 36
982 37
204 41
584 47
982 48
328 49
336 59
968 60
205 64
606 65
596 70
50 80
21 50
789 86
426 87
146 89
13 91
487 93
10 96
571 10
481 99
919 101
520 104
700 105
240 106
420 109
992 110
784 113
53 116
794 122
162 129
282 130
285 137
133 138
546 133
38 139
994 38
424 145
530 146
725 153
74 155
589 157
908 158
246 162
803 168
738 175
420 178
947 179
98 180
411 182
755 186
719 187
254 188
394 197
928 198
442 199
501 204
245 206
115 208
128 115
465 128
758 211
843 212
25 214
993 25
539 215
629 217
420 221
852 223
62 226
936 62
117 227
741 117
480 229
275 231
779 232
411 239
917 240
674 244
969 245
301 247
671 251
869 253
525 259
40 265
363 267
319 273
361 274
935 275
209 279
1000 209
63 282
216 283
646 216
203 285
887 289
871 292
9 298
943 9
541 302
581 306
213 313
161 316
324 161
647 322
682 329
666 332
858 333
692 336
466 341
776 342
445 343
817 344
252 345
835 346
862 348
150 349
327 150
304 352
365 354
220 362
642 220
466 363
169 364
700 366
675 370
620 371
258 372
160 258
367 374
667 367
991 375
194 385
585 194
114 386
95 114
455 95
170 389
950 170
479 390
612 391
369 392
511 369
441 394
795 397
748 398
805 400
411 402
623 406
210 408
793 409
629 416
426 417
855 419
284 430
971 432
594 434
286 437
112 286
860 112
294 442
381 446
55 447
508 450
381 456
552 457
414 459
838 462
779 463
704 466
451 469
610 451
592 470
827 472
934 476
879 477
736 479
619 481
990 483
222 485
166 487
411 166
82 411
143 488
746 490
203 494
539 203
118 498
640 499
403 500
619 503
763 504
571 506
516 508
200 509
314 200
545 314
433 512
945 514
784 515
784 516
505 517
749 505
644 518
287 519
873 287
942 521
761 524
703 525
315 526
373 315
393 527
637 528
136 529
922 136
278 530
901 278
961 532
588 535
871 538
848 539
57 540
749 541
928 542
939 543
703 544
238 546
250 238
878 547
856 548
970 549
39 550
489 39
169 489
405 553
219 405
143 219
958 143
913 554
920 555
674 557
581 558
46 559
337 563
610 566
769 569
330 570
732 571
501 572
365 574
832 365
734 575
387 576
328 578
811 582
764 583
360 586
812 360
433 590
76 593
452 76
30 452
355 595
92 596
834 597
335 598
202 335
568 602
858 568
355 603
854 355
872 604
513 607
828 608
149 609
140 149
230 140
123 611
30 614
270 30
21 270
242 615
72 616
118 617
475 118
533 625
422 533
307 422
846 307
147 628
132 630
486 132
165 633
560 165
78 634
556 636
327 637
415 327
973 415
305 639
970 641
589 642
952 589
613 643
325 613
58 325
771 644
169 645
127 169
84 647
811 84
883 648
871 650
310 654
865 658
465 659
15 465
103 15
35 660
172 661
685 665
246 666
713 246
183 668
33 670
224 674
875 677
61 678
312 679
436 312
309 682
174 309
350 174
906 350
151 684
32 686
72 32
141 687
426 141
565 688
814 565
34 690
304 691
889 304
160 692
241 160
763 693
63 696
381 63
376 699
261 701
299 261
974 299
900 702
713 703
14 704
523 705
471 523
942 471
672 706
255 708
384 710
310 384
618 711
154 618
82 154
822 712
824 715
772 717
6 718
979 722
284 729
183 284
713 731
444 713
218 732
242 218
790 735
44 739
913 44
264 740
233 264
56 233
751 742
423 744
927 423
757 746
844 748
619 750
123 619
482 123
480 751
745 480
819 752
814 755
131 761
468 131
125 468
19 125
497 762
380 763
396 380
290 396
163 764
173 766
69 173
943 69
464 767
340 769
429 770
272 429
163 272
444 163
135 444
952 772
994 773
294 775
340 294
624 778
56 779
921 56
148 781
562 148
864 784
42 785
868 42
126 787
726 790
308 792
967 308
377 793
318 377
28 795
318 28
798 796
358 802
420 803
511 806
300 511
46 300
970 807
147 808
395 147
330 810
482 330
932 482
301 811
305 301
948 305
75 812
34 819
798 34
510 798
531 820
923 531
561 822
899 561
252 824
196 826
438 827
235 438
560 828
913 560
999 830
78 833
957 834
234 836
991 234
997 837
612 839
838 612
957 838
700 841
714 842
256 843
991 844
909 845
73 846
768 73
310 768
818 310
413 818
58 413
567 848
493 567
358 850
320 851
782 320
777 782
880 777
952 852
420 853
716 420
638 716
794 638
338 794
268 854
776 268
899 776
996 855
190 856
958 190
552 857
910 858
277 860
905 861
537 863
29 537
399 29
51 399
224 868
963 869
507 870
955 871
497 872
152 497
809 873
723 877
152 723
455 879
835 455
474 835
594 474
263 594
714 263
937 714
495 880
780 495
74 881
991 882
210 884
947 210
189 885
680 886
915 680
866 887
319 866
1000 889
864 891
913 864
545 892
707 545
373 893
424 894
152 424
632 895
119 632
359 119
502 359
53 897
878 53
213 899
195 213
993 195
201 900
54 201
780 54
496 780
730 496
443 730
440 443
458 440
171 458
21 171
436 21
507 901
534 507
159 905
801 159
725 801
319 725
454 319
5 906
522 5
276 522
293 909
134 910
606 911
865 606
936 865
683 913
741 683
862 741
407 862
90 407
57 90
276 915
950 276
266 917
719 918
102 719
925 102
207 919
410 207
202 410
14 920
250 921
317 250
449 317
311 449
991 311
955 922
914 923
562 914
228 562
631 228
271 631
953 925
823 926
896 823
491 929
947 930
12 931
685 12
353 685
176 932
943 933
35 934
357 35
635 935
774 635
382 774
510 940
262 510
172 262
351 941
955 942
260 943
948 260
709 944
331 709
196 945
815 196
492 815
144 492
296 144
43 946
340 947
108 948
876 949
898 876
573 898
783 573
368 783
280 368
248 280
11 951
797 11
324 797
78 324
403 78
904 403
428 904
191 428
605 191
271 605
404 271
888 404
629 888
326 952
108 326
255 108
584 953
534 584
464 534
992 957
622 958
727 622
627 727
40 627
176 40
183 176
72 183
825 72
620 825
599 620
66 599
94 66
878 94
464 878
937 464
88 937
513 959
577 960
288 577
441 288
600 441
453 600
991 961
954 962
339 963
184 339
758 964
189 758
724 189
126 724
486 965
588 486
351 966
57 351
552 57
19 552
700 969
624 700
353 624
323 353
805 970
418 805
445 418
972 445
551 971
968 551
185 972
192 185
738 192
383 738
955 383
556 955
243 556
478 243
151 478
13 151
373 13
749 373
580 749
237 973
85 237
591 85
242 974
757 242
387 975
928 387
646 928
46 646
79 46
840 976
765 840
883 765
667 883
454 977
135 454
936 135
134 936
786 979
202 786
675 202
433 675
439 433
205 980
916 981
907 916
382 907
6 382
695 6
788 695
395 788
425 395
484 425
98 484
45 98
334 982
626 334
303 626
328 303
956 328
1 956
681 1
184 681
340 184
829 340
978 829
230 978
789 230
142 789
435 142
269 435
664 269
156 664
296 156
61 296
121 61
580 983
461 580
737 461
277 737
814 277
83 814
45 83
985 45
849 984
493 985
357 493
994 357
491 986
225 491
74 225
193 988
847 193
205 847
120 205
967 120
653 967
817 989
656 817
799 656
427 799
588 427
414 588
388 414
591 388
720 591
401 720
587 401
100 587
92 100
849 92
927 990
358 927
890 358
152 890
126 152
248 126
293 248
181 293
255 181
754 255
376 754
111 376
55 111
849 991
379 992
653 379
655 653
736 655
673 736
663 673
281 663
473 281
821 993
460 994
82 460
448 82
33 448
849 33
51 849
436 51
649 436
987 649
361 987
266 995
592 266
753 592
393 753
297 393
760 996
378 760
671 378
347 671
19 347
968 19
513 968
361 513
224 361
501 224
859 501
721 859
323 721
757 323
694 757
821 694
924 821
295 924
733 295
745 733
67 745
71 67
520 71
381 520
107 381
623 107
791 623
912 791
536 912
127 536
747 127
453 747
903 453
672 903
707 672
421 707
676 421
426 676
902 426
875 902
473 875
81 473
800 81
52 800
728 52
726 728
134 726
79 134
412 79
77 412
431 77
475 431
177 475
697 997
771 697
124 771
652 124
121 652
14 121
734 14
601 734
55 601
831 55
172 831
222 172
177 222
950 177
241 950
564 241
249 564
256 249
669 256
502 669
662 502
832 662
874 832
290 998
68 290
318 68
24 318
629 24
657 629
689 657
809 689
874 809
338 874
651 338
291 651
743 291
756 743
867 756
321 867
439 321
97 439
88 97
759 88
257 759
896 257
467 896
939 467
813 939
164 999
585 164
908 585
621 908
74 621
103 74
804 103
667 804
816 667
58 816
236 58
938 236
813 938
640 813
252 640
337 252
610 337
75 610
297 75
581 297
235 581
579 235
954 579
356 954
43 356
167 43
331 167
254 331
698 254
698 1000
771 518
669 249
311 317
368 573
832 502
994 35
873 689
259 703
398 844
348 741
801 153
956 681
310 73
510 796
334 303
879 835
310 710
560 633
241 692
534 953
531 914
821 295
622 143
555 14
125 131
805 445
610 252
732 242
308 653
713 162
211 189
439 867
307 73
952 108
250 546
608 560
756 291
94 53
56 250
301 84
257 88
380 504
722 786
184 829
951 797
845 293
568 910
955 738
813 236
331 944
152 358
213 993
539 567
894 152
256 212
719 925
849 596
459 388
482 176
404 605
838 391
452 270
935 231
996 419
972 192
960 288
5 276
52 81
955 521
975 576
553 219
750 481
561 213
714 594
912 127
650 538
519 873
748 991
793 318
225 103
545 200
427 656
534 870
45 493
948 943
298 943
642 362
916 382
73 384
85 973
386 95
426 687
288 394
814 688
378 996
224 274
159 861
709 254
359 832
844 311
824 610
958 856
493 35
77 475
862 90
912 623
700 245
948 298
55 734
859 323
974 261
459 588
439 756
97 321
229 745
355 268
74 804
939 640
820 923
34 796
304 1000
372 160
353 665
815 826
567 203
870 464
333 910
21 312
323 624
114 455
774 935
599 94
822 899
296 664
359 632
235 954
780 730
982 626
476 35
59 692
937 767
728 81
607 968
103 667
1000 254
904 191
577 394
826 945
989 656
770 272
1 184
238 921
669 564
874 873
417 687
510 172
707 676
280 573
16 151
511 392
561 712
290 318
667 58
817 427
887 319
427 344
959 968
749 517
963 253
538 292
919 410
722 202
495 496
458 443
618 82
299 701
85 720
224 557
69 766
277 112
694 323
453 441
797 78
668 284
605 631
116 94
482 810
51 29
437 112
63 130
190 143
800 728
797 161
958 727
19 131
702 201
960 394
233 740
403 797
486 630
277 461
285 494
19 857
84 305
453 672
899 195
735 726
336 160
906 174
597 957
922 529
29 863
103 465
643 325
255 293
466 267
317 56
176 627
725 159
631 404
462 612
611 482
880 782
765 648
749 302
192 175
141 676
672 441
230 829
82 994
170 177
72 620
299 242
914 228
693 380
606 658
132 965
896 926
14 652
9 948
172 55
585 158
435 664
814 186
462 957
404 629
720 587
859 624
472 438
299 732
482 570
181 754
888 24
416 404
971 968
190 622
556 478
737 580
644 697
589 772
148 228
765 667
610 812
174 682
458 21
753 297
963 184
398 991
449 844
140 829
913 784
394 672
289 866
205 967
45 567
899 712
191 271
878 534
203 215
167 356
630 588
305 811
843 249
7 30
169 747
605 904
107 791
663 736
296 492
690 819
937 594
134 333
443 171
552 540
752 690
813 543
205 193
134 858
201 780
132 588
610 469
584 870
58 643
49 956
61 18
202 598
251 378
108 708
471 705
553 143
857 347
164 830
617 498
675 590
449 991
411 487
479 663
81 875
640 610
78 11
548 190
974 701
439 512
958 627
340 442
121 296
544 525
17 158
601 14
270 50
334 328
413 310
414 427
602 910
89 530
613 58
291 338
438 579
939 896
33 82
216 46
483 927
535 427
981 907
142 230
97 257
434 714
941 57
973 591
871 738
753 470
944 254
246 332
813 58
431 412
268 595
23 229
420 168
71 381
278 507
177 172
785 868
393 581
425 98
202 979
49 1
795 318
464 53
610 563
72 686
347 131
454 887
612 2
351 90
661 510
571 242
142 664
707 314
928 975
908 194
101 207
100 849
299 615
318 629
669 359
875 52
55 575
653 120
605 403
467 543
629 631
219 958
338 873
479 655
806 300
110 379
908 164
664 144
681 49
211 964
648 840
494 215
49 184
749 983
149 829
837 697
588 965
286 860
30 76
581 954
571 218
971 19
356 235
545 509
747 672
185 445
138 546
467 813
593 452
992 653
342 899
883 840
219 190
141 417
297 470
41 501
154 994
54 702
494 137
38 35
836 991
459 591
629 689
56 232
407 348
992 838
808 628
78 161
396 318
581 579
68 629
854 776
231 774
295 993
498 475
426 875
697 518
846 422
969 841
633 828
458 730
386 455
416 631
356 946
296 678
106 917
389 177
756 321
140 609
258 241
15 74
6 907
540 19
745 295
345 640
347 552
204 572
119 895
14 55
812 586
780 702
410 335
441 747
1 963
721 501
124 121
395 628
665 12
999 585
410 101
455 474
65 865
355 776
708 293
677 52
257 321
570 810
604 497
791 536
986 225
270 312
159 153
452 614
242 701
199 294
115 465
58 818
480 742
19 57
585 830
829 769
134 46
589 717
490 757
739 913
266 240
435 230
671 857
626 37
762 604
955 478
90 941
993 214
931 685
513 224
224 959
367 58
70 92
884 408
228 531
454 444
412 475
957 612
6 788
154 711
88 321
290 629
331 356
414 591
91 151
516 450
588 799
74 908
29 436
3 637
576 928
532 991
202 101
185 805
887 977
262 661
446 456
624 841
380 290
602 858
253 1
642 717
78 316
55 376
564 256
484 395
439 590
429 163
653 110
610 586
766 943
806 369
411 618
592 995
310 58
880 496
30 593
57 857
886 915
688 186
320 777
913 741
865 911
543 640
625 422
540 968
967 64
580 277
814 45
463 232
918 925
319 159
43 331
704 341
608 633
81 726
794 716
421 426
704 652
750 99
564 359
823 467
293 280
834 612
552 90
1 328
373 526
174 329
517 302
724 152
755 688
954 331
312 50
94 464
99 619
226 936
71 63
240 592
295 213
960 441
947 884
876 573
716 338
584 507
859 694
762 872
405 143
368 248
989 427
355 899
571 96
654 818
172 940
291 321
665 931
721 694
473 663
340 199
33 460
875 281
496 777
58 374
131 552
358 990
863 51
644 997
37 334
489 550
411 93
810 176
939 236
784 508
801 319
361 649
849 587
591 237
327 528
390 663
328 626
260 9
547 94
592 917
265 627
111 754
971 60
184 230
340 339
675 722
553 190
449 836
707 426
492 61
359 895
730 171
224 859
86 230
88 439
993 694
534 53
31 208
286 277
184 253
334 48
972 805
332 162
660 994
399 863
777 495
489 747
70 849
465 208
954 438
46 726
798 819
499 813
907 788
184 789
72 599
203 137
196 492
178 221
743 321
619 482
460 849
661 831
798 690
806 46
946 331
587 92
224 785
100 70
1000 279
794 420
107 912
841 245
929 986
48 37
305 582
462 834
107 520
759 97
73 422
886 276
327 973
21 443
988 847
167 954
42 224
608 913
814 985
955 650
392 806
953 719
818 236
177 485
90 348
278 89
180 484
98 395
233 779
883 976
322 84
791 127
730 21
7 452
721 821
923 228
754 699
651 321
182 166
225 804
351 8
386 835
707 141
945 815
180 395
940 222
997 518
937 263
56 311
202 919
987 436
495 54
707 687
524 131
374 667
735 46
877 152
835 95
435 296
907 774
620 94
122 420
848 203
88 433
153 319
172 950
261 242
798 752
397 318
43 709
317 844
556 922
948 326
259 544
206 841
691 889
713 163
56 449
641 805
977 444
222 510
955 471
666 162
994 493
268 899
349 327
658 936
832 574
666 713
620 116
661 55
913 891
82 711
741 227
503 99
151 373
358 483
677 81
405 190
996 251
950 389
264 779
348 8
936 444
582 301
995 753
976 648
257 823
891 784
830 908
642 772
380 318
53 547
14 296
385 908
194 158
816 883
372 241
681 328
35 460
438 356
944 43
679 50
745 23
694 501
668 729
185 400
583 163
144 156
257 467
994 139
237 415
433 370
768 307
74 36
825 599
168 221
184 328
838 110
236 640
825 94
262 831
167 946
175 185
948 952
361 436
45 484
123 503
116 371
79 333
910 79
120 655
177 276
26 230
865 135
707 706
407 8
967 980
129 246
972 641
774 275
249 212
891 516
167 944
501 821
457 90
501 993
338 420
926 467
772 157
967 193
671 996
701 732
518 837
886 950
564 843
871 383
810 932
166 93
395 808
928 216
799 817
363 704
103 881
891 515
503 482
635 231
76 7
535 799
90 966
376 734
970 972
899 993
79 475
57 966
46 790
29 987
107 446
555 121
440 171
874 689
182 93
804 491
537 399
29 361
837 644
464 507
61 144
849 436
829 609
253 339
908 881
208 128
206 969
590 722
660 493
19 607
491 74
367 310
956 184
185 738
106 592
114 835
692 564
722 101
959 607
121 704
846 768
943 173
509 892
297 306
594 835
861 153
943 326
252 563
799 630
215 567
321 338
577 441
550 747
456 107
498 79
697 124
584 925
520 791
154 460
294 769
691 1000
968 224
323 685
960 672
947 408
377 409
967 792
671 855
779 250
494 567
379 308
211 724
574 354
828 913
50 436
353 859
51 21
744 927
15 225
805 343
519 338
498 333
152 872
462 597
103 367
200 707
63 67
890 497
52 473
689 338
110 308
415 591
5 177
430 668
38 357
376 255
269 142
955 538
326 255
492 826
829 789
46 910
878 897
51 537
995 240
427 630
503 611
701 218
420 638
268 603
553 958
185 970
588 591
129 666
475 170
704 124
326 708
160 59
671 19
814 98
704 267
758 724
728 134
258 692
6 916
519 794
510 34
317 779
57 457
488 190
52 281
747 903
656 344
321 433
108 305
760 251
550 453
607 224
638 122
65 658
745 63
806 735
144 678
590 370
317 991
789 26
669 832
822 342
180 425
322 301
424 872
689 519
263 88
55 262
422 768
851 782
273 887
182 487
906 522
747 39
247 84
290 217
562 781
381 104
53 620
745 993
514 826
38 493
968 57
197 577
21 80
541 580
92 401
152 927
19 60
308 992
857 540
441 197
31 128
620 547
266 106
218 299
953 102
742 745
194 74
272 764
660 357
752 34
179 930
493 814
856 143
339 869
176 284
619 611
826 144
792 653
362 772
678 156
768 533
129 332
951 78
290 504
872 145
255 699
437 860
485 172
758 885
398 375
193 64
521 471
186 45
332 713
152 248
540 607
535 817
177 522
638 338
194 17
959 361
954 306
761 125
666 163
527 297
35 139
536 623
46 511
359 256
673 473
968 552
761 19
745 751
831 510
630 965
735 134
641 549
829 86
867 97
137 215
213 821
200 892
488 219
955 175
849 401
467 97
608 165
871 942
344 989
447 172
992 612
324 403
381 791
490 242
252 499
390 736
147 788
802 890
373 580
817 588
548 143
351 407
298 260
6 981
238 56
489 127
349 528
857 996
593 7
736 120
803 221
4 166
222 950
323 841
103 58
465 225
700 206
582 84
976 765
65 911
773 35
306 393
906 177
662 874
297 592
849 82
626 48
228 820
258 564
147 425
453 960
79 170
275 635
295 694
98 277
808 425
666 272
213 712
610 297
266 753
95 346
784 450
12 353
760 671
511 735
963 49
724 885
574 662
91 373
830 158
757 299
854 899
514 815
395 6
189 964
724 248
270 679
220 772
465 74
630 414
928 46
176 619
804 881
601 376
161 951
768 384
672 288
908 999
954 393
326 298
594 842
177 940
831 111
878 620
121 678
409 318
897 620
811 108
591 327
174 177
757 732
376 14
308 838
406 912
9 326
550 441
729 183
944 946
465 31
152 802
873 794
510 819
653 736
767 534
181 699
865 134
89 507
280 783
154 33
278 146
37 303
444 666
185 955
36 908
213 694
577 672
673 479
14 124
426 281
647 301
557 244
572 41
360 610
225 881
640 467
46 283
510 690
404 24
923 562
142 26
720 92
954 297
263 759
106 995
713 525
867 88
67 130
711 411
57 971
531 562
550 672
700 778
437 277
958 548
408 179
858 79
972 343
581 438
154 670
955 192
820 562
203 45
343 185
498 412
801 861
475 617
541 517
228 781
772 948
19 432
951 324
948 708
414 720
107 536
429 764
68 28
650 292
222 262
927 724
937 534
442 769
184 626
184 769
857 251
258 336
101 786
369 300
780 777
745 71
830 194
938 58
832 354
64 980
677 473
582 647
102 187
740 779
88 464
473 479
838 653
888 318
134 498
888 290
99 611
824 563
351 348
536 489
937 759
528 150
730 777
211 885
501 214
880 780
242 323
861 319
629 28
135 977
240 753
385 158
812 297
672 314
864 516
705 521
662 689
14 466
920 601
927 802
781 531
739 784
344 799
786 410
956 626
636 243
244 224
838 2
111 601
119 832
953 507
858 498
953 870
931 353
640 896
425 788
620 66
917 995
389 475
675 786
125 524
658 226
160 564
566 563
774 6
858 46
724 358
434 835
955 136
36 621
13 580
148 531
988 205
629 795
489 791
497 802
516 913
310 667
56 991
743 338
828 165
104 71
314 892
780 782
222 170
79 646
804 465
518 124
963 681
177 510
781 820
427 486
767 88
994 33
183 40
543 896
473 800
634 951
730 880
520 63
247 322
119 502
532 748
898 949
678 492
367 325
90 857
78 904
230 269
728 473
787 152
327 237
813 896
939 823
404 191
952 642
357 460
403 161
225 31
177 682
290 763
534 47
100 401
427 132
448 460
191 631
504 693
80 436
857 855
142 86
389 79
857 351
338 756
855 19
720 973
331 188
169 536
805 549
109 168
90 540
33 618
53 507
271 904
2 992
56 844
514 196
961 748
479 281
254 889
237 349
79 77
571 299
608 554
468 19
306 812
717 952
756 97
876 783
73 710
91 580
714 835
202 590
750 503
229 63
64 120
368 293
88 594
50 51
338 867
409 795
757 701
510 950
857 968
372 692
99 482
342 561
812 954
752 510
67 282
413 367
694 224
636 478
164 194
254 691
191 629
969 624
69 948
782 495
170 172
142 829
398 849
949 573
686 616
312 452
127 550
417 707
689 68
101 335
844 961
923 781
771 704
183 482
622 627
321 590
254 304
310 846
627 190
479 653
381 67
472 579
160 359
915 950
221 109
549 972
743 873
976 667
48 303
156 61
61 664
811 647
914 820
870 53
230 664
803 716
170 412
615 571
576 216
573 293
822 213
54 880
799 132
703 666
809 338
936 977
612 597
650 383
648 667
832 256
455 477
290 693
279 889
135 887
923 148
301 639
155 103
834 838
18 156
768 710
374 310
792 110
261 757
254 352
102 918
383 538
689 290
152 990
664 26
809 519
335 786
950 680
876 368
482 284
703 444
440 21
317 233
409 397
214 694
1000 331
38 476
562 631
663 655
326 260
832 689
554 784
17 830
373 461
292 955
82 670
121 144
378 857
220 952
63 23
571 701
551 19
13 16
407 966
895 832
513 42
104 107
216 79
496 54
390 673
791 169
23 742
903 550
127 623
276 680
695 907
309 177
631 148
724 802
588 344
229 742
863 436
708 943
168 716
659 15
100 720
624 206
434 842
858 646
594 455
410 722
931 323
155 15
407 741
377 397
233 449
859 757
350 177
862 117
46 333
486 799
385 17
662 669
944 1000
5 174
114 346
62 658
738 650
734 111
444 272
595 603
482 40
68 795
780 900
321 370
521 136
55 510
134 559
937 434
911 658
826 678
66 825
816 648
13 749
599 116
745 381
333 602
552 607
896 97
949 368
74 164
818 813
361 863
278 870
333 568
237 150
99 123
96 615
352 1000
887 444
873 756
916 695
495 730
14 267
17 585
237 720
784 44
952 362
511 726
53 278
782 730
11 634
285 215
988 967
654 413
862 8
981 382
94 534
234 449
483 152
819 55
357 82
335 722
713 129
925 507
777 54
121 920
121 492
490 299
229 67
88 534
53 953
436 399
223 952
804 31
981 718
541 505
88 756
252 813
597 838
729 176
98 147
27 478
919 786
79 602
210 340
490 261
19 513
271 148
735 728
997 771
196 144
775 340
216 387
21 452
76 614
782 496
849 720
523 521
122 716
455 346
202 433
19 524
438 167
363 14
640 823
21 849
571 757
864 450
721 624
19 224
595 854
323 490
747 600
986 804
134 81
248 787
41 821
224 540
687 281
835 477
370 439
419 671
8 741
848 215
308 612
925 534
398 720
799 414
631 888
724 890
754 601
937 835
906 309
711 33
191 403
615 10
838 379
998 318
743 809
829 294
976 816
227 862
507 878
123 750
163 246
791 747
306 579
250 233
50 863
631 531
579 297
195 712
724 787
300 392
319 135
40 932
584 53
445 192
730 440
205 653
821 204
572 821
626 681
525 444
804 929
851 777
75 640
447 262
307 310
52 726
407 913
649 29
96 242
449 779
281 141
527 306
564 336
232 449
47 925
900 54
408 340
275 6
832 809
373 478
854 603
444 429
892 707
807 549
742 63
237 587
281 81
362 589
643 367
4 487
295 501
425 628
270 440
530 507
179 340
385 830
968 432
706 314
718 382
937 257
396 763
753 917
38 460
686 825
651 743
559 910
478 526
289 319
359 241
94 371
440 782
975 216
595 899
58 654
90 968
901 53
252 715
798 55
184 179
314 417
819 172
776 595
832 632
316 797
708 298
21 679
493 98
207 786
17 164
752 55
293 152
949 783
811 948
183 430
793 397
413 813
699 601
598 722
106 753
930 408
362 948
846 374
755 45
740 56
936 65
731 332
278 584
206 323
655 205
552 671
295 721
66 72
446 520
695 395
566 824
338 439
98 985
453 39
921 546
321 873
802 483
327 3
230 149
981 695
170 498
481 503
403 951
341 14
147 484
647 305
972 807
673 281
436 537
564 212
194 999
359 662
970 445
303 982
237 401
60 57
610 715
309 350
605 78
684 13
602 134
371 53
856 219
126 927
913 515
603 899
249 359
363 121
186 493
42 607
132 535
178 803
575 111
829 26
672 892
98 737
520 745
598 410
783 898
962 812
202 207
727 40
86 184
142 296
945 492
423 802
225 36
169 623
480 63
245 624
493 460
115 804
667 846
182 4
342 213
736 281
967 847
525 666
329 309
964 724
367 846
921 133
889 209
299 746
833 403
740 317
38 934
712 313
717 157
713 259
205 22
338 657
91 684
842 835
384 307
574 502
415 85
245 105
880 201
534 278
682 906
108 293
864 515
472 235
921 138
741 784
199 775
929 225
836 317
554 891
127 645
821 859
770 444
838 792
640 818
133 250
908 225
67 23
351 540
338 168
170 77
948 582
