10733
200
74
75
13
26
77
63
90
76
93
15
36
47
40
72
98
10
12
27
62
96
65
60
76
52
44
66
32
42
28
86
75
98
46
85
89
82
79
48
44
81
71
40
87
84
92
49
28
26
65
71
94
26
92
61
20
76
85
11
65
51
81
33
80
51
79
96
31
19
19
83
58
18
70
48
21
42
40
53
34
41
37
55
16
74
91
37
41
34
31
53
56
17
94
42
42
84
49
36
46
90
77
45
87
10
37
32
66
24
21
94
35
75
49
61
41
29
29
97
15
71
71
71
59
60
32
18
18
57
40
12
54
79
62
13
33
45
90
74
40
30
100
46
30
69
60
22
60
52
29
98
14
41
54
38
89
29
100
24
45
49
45
80
96
83
49
90
69
19
67
53
59
60
92
26
91
87
54
61
92
83
90
84
49
49
95
90
89
87
60
77
48
93
60
100
72
30
60
20
13
12
74 3
6 9
38 6
75 13
146 15
105 18
128 20
74 25
87 29
72 31
17 32
185 34
94 36
39 43
126 45
50 46
151 49
26 51
199 52
28 53
82 54
136 55
159 61
150 64
99 65
58 66
23 71
182 72
169 73
157 77
26 79
60 80
39 81
188 39
121 82
106 84
192 88
116 89
96 93
62 94
185 95
183 97
151 99
104 102
87 103
85 87
184 104
140 106
63 107
57 108
11 112
91 113
42 91
58 114
181 115
60 118
200 121
130 126
184 130
74 131
63 74
154 135
2 136
137 2
133 138
58 133
96 58
26 142
159 26
90 145
17 90
42 146
169 42
4 147
12 4
100 12
127 100
173 148
110 149
92 110
69 151
27 69
140 27
70 140
191 70
30 154
168 158
170 159
139 160
56 162
17 163
123 17
139 123
198 165
144 168
186 144
188 169
67 170
101 67
128 101
122 171
28 122
188 28
117 172
56 117
5 56
155 173
10 155
124 10
132 174
62 175
180 62
22 176
11 22
92 178
195 179
164 180
48 164
24 181
57 182
7 57
129 183
141 129
47 141
40 47
37 40
198 184
187 185
86 186
166 187
1 166
24 1
75 24
86 188
60 86
152 60
92 152
196 189
105 191
153 105
83 153
137 83
11 137
199 192
128 193
14 128
59 194
35 59
23 35
85 23
92 85
177 92
161 177
190 195
167 190
198 167
78 197
63 199
44 63
30 44
198 30
127 198
196 127
21 196
14 21
132 14
161 132
109 161
98 109
143 98
11 143
96 11
156 96
19 156
116 19
16 116
5 16
75 5
125 75
7 125
76 7
33 76
37 33
111 37
50 111
150 50
139 150
41 139
157 41
134 157
78 134
119 78
38 119
8 38
120 8
48 120
68 48
124 68
124 200
120 38
190 198
117 162
65 151
37 76
140 84
23 59
62 36
82 200
68 164
40 141
185 166
73 42
70 105
17 145
63 30
10 68
11 83
37 50
98 11
151 27
180 36
37 141
141 183
135 30
16 89
68 180
168 186
68 155
114 66
161 174
21 189
123 90
67 159
184 167
139 157
166 24
28 86
14 196
132 109
100 196
132 98
11 58
192 63
7 108
103 29
17 139
34 166
11 2
149 92
144 158
194 23
158 186
146 169
11 66
50 76
194 85
188 43
96 19
111 40
75 7
91 73
148 155
84 70
200 10
63 88
72 57
11 156
147 12
161 92
124 121
198 104
89 5
70 27
7 37
166 181
84 105
75 16
73 146
11 132
9 38
79 51
14 161
86 43
147 100
189 127
48 180
186 60
38 48
15 73
196 161
38 78
11 109
105 83
95 187
151 140
86 39
157 78
68 200
133 96
106 70
109 143
145 163
106 105
19 89
121 54
55 2
118 186
194 35
139 90
81 86
189 198
114 11
63 3
83 2
10 148
58 156
55 83
86 122
56 172
189 167
34 181
66 156
88 74
104 167
113 73
94 180
111 76
184 126
68 62
152 80
97 129
43 28
66 96
44 107
103 85
193 20
179 190
118 152
156 114
119 197
30 107
135 63
66 112
198 102
48 8
4 100
28 39
54 200
139 77
13 7
128 67
192 52
154 63
139 50
82 124
176 11
111 141
159 51
164 38
85 71
14 20
26 170
155 200
186 28
118 86
171 86
21 20
137 66
110 152
67 14
146 91
16 24
34 24
189 104
38 197
50 123
139 145
182 31
166 95
70 18
15 169
66 2
5 7
92 103
195 167
42 113
12 196
96 89
95 34
38 68
19 16
1 16
49 140
38 155
34 115
184 189
132 143
90 163
119 164
173 10
100 189
80 118
108 182
190 184
164 78
43 53
75 1
24 115
60 92
75 166
155 164
34 75
122 43
25 88
103 152
90 160
138 96
183 111
153 55
7 182
93 66
155 124
164 8
82 68
4 196
117 5
101 14
163 139
27 49
117 16
76 40
159 142
159 101
92 194
156 93
103 60
160 17
7 50
169 91
145 32
109 66
111 47
81 188
127 12
68 119
85 29
112 156
135 198
77 123
170 101
113 146
65 27
34 187
36 68
191 84
163 160
124 54
150 37
191 106
15 188
69 49
154 198
183 47
59 85
120 6
155 82
198 196
142 170
118 28
163 123
88 3
197 134
43 171
64 139
191 140
128 170
109 2
52 63
9 120
74 154
149 152
37 47
165 154
113 169
104 190
26 101
55 137
186 188
130 198
109 92
19 5
119 48
116 96
196 20
75 89
154 3
16 96
68 8
134 119
76 46
28 171
27 191
107 135
88 199
149 178
31 57
168 118
52 88
105 55
76 13
76 47
162 5
79 159
42 15
170 14
41 134
196 147
115 166
17 77
185 24
86 168
48 62
140 69
189 14
36 48
109 114
20 101
109 194
133 66
106 27
50 77
139 32
121 68
130 104
123 157
38 134
15 81
48 6
63 198
94 48
108 50
163 77
102 130
87 92
74 30
17 157
154 88
92 23
68 54
67 20
152 178
10 82
44 135
191 18
58 109
41 17
93 58
53 188
172 162
101 196
185 181
148 124
35 85
95 24
75 117
75 19
40 50
10 121
99 27
48 9
77 90
19 58
102 154
116 5
50 57
184 45
15 113
28 168
181 95
98 58
164 197
40 7
106 151
44 154
108 72
115 95
130 154
92 71
130 30
5 172
94 68
127 4
196 104
96 5
124 38
195 104
111 46
75 76
153 137
85 60
189 4
121 155
90 157
190 130
84 27
68 175
109 156
134 139
12 189
164 134
153 70
68 120
13 40
164 94
7 19
74 52
74 135
46 40
110 60
170 20
88 30
151 84
61 142
34 1
118 158
2 153
161 143
60 149
20 189
157 197
69 84
190 189
1 19
105 140
64 50
74 44
46 37
125 5
28 81
7 72
99 106
157 50
14 174
61 170
75 40
110 103
104 179
74 199
94 119
130 45
60 178
107 154
188 113
37 139
196 167
9 8
196 67
74 192
175 36
180 175
52 154
2 105
106 69
161 194
40 183
47 50
157 164
1 89
156 5
130 165
108 31
8 6
14 193
199 131
76 141
101 51
101 142
56 75
197 139
103 194
33 46
53 86
141 97
173 124
35 92
10 54
93 11
157 119
92 59
185 115
104 154
90 32
127 147
60 28
43 81
17 134
1 185
135 130
95 1
149 103
118 144
14 159
79 101
24 187
94 175
76 183
76 19
173 82
193 101
131 52
30 3
18 140
109 137
123 145
127 21
70 55
50 182
132 196
142 51
176 83
193 67
181 1
60 87
92 143
179 167
77 160
77 41
106 18
135 102
188 146
72 50
43 186
175 48
142 79
135 104
75 96
73 188
199 154
83 66
150 46
161 11
151 191
37 108
39 53
150 111
102 30
178 110
118 188
86 144
37 72
59 161
173 121
156 75
19 93
48 197
1 187
164 175
53 186
174 143
64 77
188 122
115 1
122 186
103 80
93 114
10 38
7 89
86 158
60 168
43 118
52 3
97 40
84 18
106 49
50 141
66 98
170 79
115 187
94 38
90 50
75 181
189 147
37 183
127 14
184 179
105 137
94 197
3 135
53 122
28 152
28 144
144 188
49 84
93 133
144 60
78 139
178 103
38 157
55 140
75 115
164 120
154 192
49 191
150 77
170 193
92 29
60 158
186 39
59 71
46 141
26 14
75 50
25 199
4 14
190 45
137 70
58 138
165 135
131 63
94 134
191 69
152 144
184 195
165 104
106 55
2 98
52 25
190 126
40 129
102 63
119 139
144 43
154 25
198 3
143 14
12 14
172 75
7 47
15 86
8 94
159 20
188 60
21 198
70 2
106 153
55 66
60 43
186 152
106 137
122 118
103 118
23 161
31 50
18 27
196 170
156 133
41 78
189 195
164 139
182 37
65 106
101 61
11 14
198 195
150 141
176 2
40 19
90 150
161 35
155 54
27 105
26 67
18 55
118 53
38 121
41 197
41 119
102 165
75 58
70 49
81 113
171 118
98 137
97 37
141 33
50 33
28 158
188 152
170 51
19 117
96 114
60 194
22 2
188 158
118 178
188 42
91 188
158 43
83 109
190 196
20 127
40 150
122 60
20 4
58 5
191 55
54 38
136 70
18 49
56 19
184 196
196 11
47 46
49 105
104 21
184 135
164 6
132 67
162 75
64 90
58 143
179 189
109 177
109 14
118 92
123 32
16 115
66 105
29 60
14 98
39 118
19 162
94 155
109 174
77 134
197 77
54 173
139 38
118 149
104 127
92 186
7 31
7 16
149 194
78 94
75 185
67 4
13 50
122 39
98 156
96 112
153 66
123 134
7 46
25 63
43 168
130 189
75 46
169 81
161 98
198 20
147 14
85 161
140 137
81 53
38 41
11 19
18 69
37 57
44 3
198 179
97 76
19 46
139 141
19 66
163 157
121 148
84 65
144 122
84 55
179 130
11 174
61 79
155 119
125 16
157 150
103 23
8 180
43 15
127 190
118 81
61 51
172 19
183 46
37 129
27 55
145 157
43 152
31 37
103 59
186 103
40 31
49 55
84 99
164 9
47 150
94 120
19 133
187 181
103 35
15 28
158 152
65 140
48 134
77 119
123 160
157 64
200 38
51 14
18 151
8 175
30 165
26 20
137 18
82 38
119 17
81 42
46 13
137 58
128 26
69 105
194 118
81 73
98 196
88 135
139 94
192 3
8 62
7 96
68 9
98 83
157 94
43 73
135 192
60 35
53 171
7 116
169 43
134 90
181 16
159 196
46 31
11 67
51 20
45 189
153 140
92 174
148 82
18 65
119 8
68 6
92 132
161 103
180 38
31 47
137 143
26 61
16 166
151 105
96 1
200 173
50 183
16 185
3 199
92 158
163 134
10 94
135 52
11 92
70 66
8 36
132 159
81 146
137 136
22 83
198 74
196 179
10 119
134 145
51 67
61 67
35 71
177 11
13 19
196 51
71 103
97 46
199 135
42 43
71 161
40 57
194 71
12 20
167 130
148 54
62 164
19 138
164 41
106 66
136 66
132 101
26 196
132 137
89 156
159 4
98 105
20 104
65 49
40 182
138 93
178 194
1 7
115 89
95 75
148 200
196 130
188 92
158 122
36 164
152 122
159 189
62 38
75 187
27 137
98 174
132 177
196 195
69 55
100 14
58 2
44 88
107 88
109 23
164 77
63 130
157 37
23 60
78 48
175 38
78 8
131 3
81 186
164 10
119 120
146 43
89 46
19 114
94 121
134 160
8 197
102 184
135 25
119 62
108 40
30 199
74 102
89 58
5 133
62 78
139 46
107 3
29 23
157 48
23 143
24 89
112 93
52 30
144 53
189 126
59 60
9 94
74 130
71 60
5 46
194 152
3 25
46 129
19 24
122 81
102 3
100 20
174 23
102 44
14 61
119 121
5 93
137 22
17 164
191 65
139 47
14 92
160 157
91 15
157 32
176 137
2 156
138 5
58 7
41 160
153 27
94 54
50 19
119 180
107 74
167 45
128 159
115 19
102 88
107 52
46 182
166 89
142 67
89 117
26 4
45 104
133 114
66 27
21 190
26 189
30 25
52 44
166 19
191 99
160 119
85 118
96 125
98 22
105 136
148 38
99 49
118 15
66 22
107 102
144 39
48 139
81 144
25 44
77 37
98 176
131 88
177 143
167 135
86 146
50 17
41 163
158 53
76 129
119 175
26 193
14 23
76 150
44 199
90 41
196 109
5 66
151 55
186 15
110 118
11 105
73 86
155 48
26 127
111 7
70 69
143 66
130 3
111 75
60 53
156 137
74 165
134 8
141 7
143 196
38 77
159 193
152 85
131 154
37 90
178 186
55 11
148 68
194 143
157 47
126 104
157 46
99 140
173 38
78 175
67 161
76 5
48 41
109 105
16 56
130 127
97 111
110 80
59 118
32 163
86 169
142 14
17 38
70 83
146 118
17 150
107 199
104 14
121 164
5 40
167 126
37 64
25 192
126 198
77 145
61 196
46 64
46 90
51 4
67 189
16 46
94 148
11 101
186 171
107 130
82 94
134 50
60 171
196 142
131 44
118 35
143 71
15 39
38 160
111 13
58 16
66 89
150 33
122 168
194 29
75 47
105 65
28 146
32 134
50 145
130 44
20 147
105 99
21 26
53 152
26 132
132 23
46 77
54 119
66 176
75 116
51 193
14 79
143 2
123 41
172 16
89 181
109 22
158 171
46 117
89 185
56 46
97 47
108 46
45 198
60 39
125 89
111 31
15 122
139 111
91 81
47 108
13 5
59 29
125 58
17 46
160 145
47 129
135 190
87 23
123 38
22 105
178 80
74 104
190 20
126 196
127 184
54 164
43 92
104 30
131 25
196 137
35 152
164 82
139 76
82 119
53 15
72 40
190 14
157 76
62 197
137 84
19 181
164 148
160 164
192 44
45 196
200 94
55 65
62 120
35 29
135 131
14 198
127 45
123 119
105 176
37 17
114 5
194 174
146 186
62 134
14 194
71 29
183 150
79 196
119 36
135 196
162 16
14 45
26 147
64 47
138 114
132 51
160 197
186 169
40 16
28 169
53 92
80 92
112 19
177 174
62 9
109 176
156 22
58 132
107 25
152 86
120 180
183 33
131 107
170 4
18 99
90 38
140 66
198 44
128 51
104 44
11 153
64 17
50 5
132 20
171 144
32 160
96 181
27 83
184 165
78 160
30 192
177 14
86 42
160 48
161 60
123 46
19 109
91 43
191 137
101 4
11 5
109 67
35 149
70 151
112 114
109 93
67 79
125 19
85 143
3 104
152 171
161 29
198 107
87 161
39 158
68 173
167 127
94 173
26 104
126 127
86 91
65 70
139 62
4 104
131 30
26 11
111 157
7 181
34 89
170 132
98 92
168 53
194 186
86 92
33 40
33 111
89 133
178 35
147 67
46 172
78 68
142 132
93 89
62 157
124 94
14 184
11 23
102 167
25 102
109 5
107 104
66 84
156 7
59 87
192 131
196 193
40 139
5 137
136 83
94 6
11 133
54 48
2 27
194 110
39 168
16 156
67 127
156 125
8 139
131 102
50 97
126 179
164 123
176 156
156 83
46 125
133 75
188 168
75 93
172 89
149 186
102 52
103 53
83 106
103 143
91 28
139 68
139 7
160 94
15 144
130 52
118 169
157 141
15 60
16 34
119 90
84 153
181 5
99 55
16 187
81 60
144 92
56 89
194 80
194 132
153 22
92 28
126 195
23 177
191 66
68 197
71 118
46 162
177 194
113 43
89 162
103 28
155 8
39 152
100 67
70 11
35 87
137 93
40 125
136 27
84 83
58 112
82 48
101 189
193 132
49 137
11 194
132 128
16 95
9 180
46 96
150 97
97 139
134 68
117 7
60 169
91 186
175 155
184 30
197 175
168 152
179 45
177 71
138 156
108 111
186 73
65 137
180 6
200 164
135 189
177 98
133 125
111 64
193 4
102 199
161 118
11 159
105 156
192 102
85 149
103 144
129 50
19 185
14 167
80 149
165 44
141 75
85 178
96 115
172 7
130 14
38 163
171 168
11 51
20 142
132 71
128 196
46 72
12 67
176 153
109 26
119 163
180 78
137 161
61 20
52 198
17 47
129 111
20 184
186 35
41 94
65 66
21 4
103 86
181 156
156 46
128 142
144 178
132 4
153 98
164 90
23 98
22 58
4 190
153 109
66 49
58 105
84 2
7 133
97 157
80 35
161 26
143 35
120 175
68 157
22 143
7 150
180 155
135 179
15 168
102 189
132 22
66 75
191 153
104 52
109 159
119 200
47 72
19 111
120 36
40 156
126 135
137 151
75 11
150 75
59 152
66 138
93 22
39 92
184 74
107 192
151 66
58 83
130 131
73 28
169 122
69 137
15 158
7 162
63 104
171 39
132 66
77 47
147 159
22 161
20 11
119 9
70 22
185 96
96 166
40 89
194 144
179 127
4 11
14 126
95 89
61 132
182 47
121 48
37 75
109 20
86 113
130 192
57 47
188 103
109 96
7 185
16 13
165 63
66 18
198 192
48 77
46 57
186 42
145 41
59 178
45 20
175 54
177 85
97 7
134 46
24 96
167 74
96 34
135 45
169 53
7 115
68 160
32 41
191 83
45 195
71 178
156 153
123 37
145 38
20 167
179 14
93 125
20 79
109 112
189 132
87 71
38 50
128 61
153 136
11 189
194 28
49 153
109 70
92 122
11 71
20 179
180 197
148 119
10 48
143 60
32 38
61 193
140 83
36 38
175 121
124 164
28 178
197 36
179 102
57 111
193 142
119 124
84 11
195 14
49 83
62 6
107 165
103 158
48 148
28 42
145 119
197 123
190 102
122 103
98 70
157 7
122 178
150 13
120 155
19 137
159 161
169 144
82 175
127 135
102 196
127 159
141 108
83 65
147 21
156 70
16 50
119 6
197 17
190 74
65 153
5 22
173 164
68 41
62 41
51 109
85 11
119 173
183 139
188 178
17 111
132 79
178 158
126 20
53 178
19 34
75 97
46 181
46 145
74 189
111 182
194 53
64 123
35 110
115 46
154 184
144 35
55 98
196 23
103 39
50 41
4 109
26 190
71 109
26 100
127 195
194 87
110 186
187 89
95 96
155 36
141 64
71 14
130 25
161 66
190 30
78 77
96 187
150 129
184 63
59 143
161 20
50 163
132 147
198 26
105 143
33 139
193 79
167 26
118 143
197 90
153 18
11 59
40 96
160 50
124 48
19 187
70 99
164 163
26 98
109 55
45 26
74 179
198 25
106 2
130 199
16 133
48 200
2 93
83 93
36 54
116 133
6 175
173 48
177 59
102 45
197 163
45 74
66 69
178 161
37 145
186 85
167 21
118 91
98 194
152 71
106 136
198 131
175 200
162 96
48 17
46 163
34 7
175 173
30 179
22 19
129 139
130 88
46 38
103 43
19 83
78 36
71 98
5 112
133 112
166 7
177 196
190 63
65 2
158 81
91 60
76 64
77 32
160 46
113 28
53 91
165 190
95 19
62 160
10 175
91 144
29 143
4 161
21 100
107 184
141 17
167 4
35 53
169 158
4 128
104 25
99 137
128 11
198 199
66 99
26 23
29 177
157 8
175 148
35 177
77 62
140 2
59 109
151 153
149 59
69 153
146 53
99 153
112 138
32 50
11 170
32 46
22 114
150 123
179 63
84 98
25 165
102 127
150 19
45 21
39 169
110 85
11 140
110 59
103 177
2 191
183 7
82 36
108 150
109 84
137 114
63 45
65 136
185 46
141 19
22 112
59 132
91 122
20 195
46 41
12 26
7 95
123 47
46 1
53 110
69 99
8 82
198 4
98 67
11 29
163 48
46 166
7 129
179 26
98 140
90 48
21 67
146 60
59 14
11 106
104 147
46 119
22 55
115 5
123 48
42 53
174 196
14 85
78 123
80 59
129 157
54 8
116 58
193 11
157 183
108 129
113 186
180 157
168 92
27 11
61 11
66 125
196 74
147 11
125 162
3 165
65 69
24 7
152 15
57 141
140 136
32 119
54 120
83 5
88 198
120 78
91 39
94 77
5 166
4 98
141 182
143 87
33 47
46 197
107 190
26 195
179 107
11 65
98 159
78 163
29 14
103 168
181 40
134 37
4 45
77 68
193 109
103 15
200 8
63 189
53 73
60 177
196 194
125 117
99 83
133 109
104 131
22 133
59 98
75 109
60 42
62 155
162 40
44 184
5 1
12 21
76 108
1 40
75 112
163 94
189 30
102 126
20 130
13 1
156 116
109 101
118 29
132 29
123 94
149 53
7 66
144 146
155 78
159 21
18 83
56 7
14 60
75 183
33 129
66 196
171 103
24 46
129 75
188 171
92 196
36 157
6 155
109 138
104 192
189 193
46 164
2 132
44 190
105 132
6 36
183 19
178 39
11 191
128 79
123 111
32 164
19 2
121 8
24 5
125 56
184 25
7 93
10 8
13 141
62 54
147 198
78 17
15 92
96 56
54 180
6 78
170 109
104 100
117 96
117 40
48 46
189 107
172 125
37 32
120 82
86 178
11 138
78 46
103 169
32 150
195 21
2 18
151 83
118 177
124 175
144 149
39 146
83 69
17 94
129 19
130 195
150 145
90 78
53 113
149 71
80 85
156 132
177 87
120 197
35 14
200 36
181 13
62 123
8 124
175 9
48 32
34 46
139 180
7 64
49 2
56 40
177 178
191 98
50 1
71 110
126 74
194 158
103 14
5 2
176 58
94 46
158 91
22 96
102 14
129 64
165 179
11 142
144 110
143 26
143 4
165 131
196 63
145 48
98 27
24 40
186 71
69 2
94 90
50 181
196 30
132 85
11 7
91 103
190 154
48 50
147 45
53 85
36 9
2 99
169 92
19 105
123 68
148 8
161 110
11 49
14 135
176 19
108 183
174 137
48 37
179 21
163 68
60 73
126 26
100 198
78 54
118 42
88 104
8 41
135 195
34 5
99 136
158 149
40 172
75 22
85 144
118 23
11 60
100 159
176 5
25 190
11 18
192 165
184 26
184 192
77 8
24 50
179 25
58 153
118 14
59 174
62 163
57 129
40 157
87 118
158 85
169 152
81 103
196 107
67 104
11 69
69 136
138 22
86 194
194 26
185 5
144 71
65 98
62 90
20 135
189 25
100 45
45 30
127 74
120 200
159 12
78 200
74 14
144 59
150 57
139 108
91 152
193 161
124 36
133 137
195 74
132 153
75 138
152 81
191 136
149 161
98 18
92 91
19 37
72 111
57 76
6 197
101 147
54 6
82 78
80 144
114 75
37 160
67 45
109 27
82 6
104 159
20 98
190 100
77 111
43 178
135 26
90 47
142 4
45 107
125 11
46 62
132 104
118 73
196 59
40 185
136 49
47 19
92 171
171 15
42 144
98 85
16 93
178 168
19 153
4 61
142 189
40 64
178 23
199 104
156 117
105 5
159 45
132 21
45 25
189 61
12 104
136 84
155 197
175 157
109 142
67 143
56 156
17 62
113 118
4 195
7 187
14 137
27 22
19 98
6 157
183 13
173 8
37 13
136 18
90 68
63 167
176 70
5 187
109 125
167 30
64 183
45 12
73 144
109 85
161 170
126 21
137 59
171 178
180 41
142 161
97 108
17 68
98 5
109 128
150 5
35 11
75 157
86 149
16 66
77 180
169 168
13 129
32 62
60 113
136 11
116 66
184 131
37 38
189 51
129 182
136 151
61 109
68 46
154 179
63 14
196 25
120 157
193 98
36 148
137 112
53 71
96 172
161 101
150 134
70 19
153 5
48 150
139 57
163 8
155 9
167 107
11 21
109 79
25 167
157 155
173 36
144 161
46 187
67 198
83 132
155 77
40 66
92 81
39 194
59 186
124 78
109 29
61 161
54 197
99 11
37 163
67 190
41 155
187 40
2 133
11 104
11 151
12 11
199 165
32 197
116 125
41 6
154 45
146 158
157 9
75 137
14 25
110 23
146 152
98 136
79 4
32 64
64 33
157 108
91 168
86 85
28 149
9 197
137 96
22 196
98 93
42 152
95 46
116 93
155 139
200 6
98 69
67 167
112 125
32 94
50 187
147 190
13 47
9 78
4 126
47 32
4 179
98 49
52 165
178 143
66 46
152 73
181 117
144 23
11 100
182 76
98 106
192 190
78 32
184 199
189 154
124 120
8 46
122 146
174 71
154 167
109 7
5 70
97 19
143 156
127 11
129 31
108 64
27 5
16 109
6 124
145 164
183 5
64 48
59 26
139 6
131 190
72 129
64 57
109 69
39 149
39 42
136 109
9 54
87 178
5 141
2 161
9 41
135 21
20 74
109 140
180 200
190 159
11 79
94 145
17 183
43 194
144 113
61 147
17 40
109 65
156 27
55 156
140 22
148 6
194 122
102 20
75 139
165 45
192 179
8 123
110 158
149 23
195 102
143 149
152 161
76 72
113 152
87 14
92 146
182 139
2 151
78 145
11 45
103 11
26 74
25 20
87 11
157 54
100 167
18 109
115 40
93 105
16 183
39 85
100 126
70 58
7 17
93 176
143 159
21 184
200 197
195 25
161 51
160 150
84 22
3 184
161 186
163 155
115 50
183 57
46 133
184 52
46 58
10 36
22 136
27 58
189 161
157 200
45 132
62 200
133 105
147 167
65 22
194 171
6 77
161 79
42 158
1 156
137 92
105 96
76 17
52 190
127 132
72 139
16 11
97 64
33 97
198 159
168 81
191 109
50 185
129 17
126 25
199 190
21 74
183 123
138 137
165 88
156 115
57 97
58 55
26 102
42 122
194 188
153 93
150 38
182 97
149 122
33 108
149 87
67 126
198 11
93 70
36 41
186 23
69 22
177 26
33 157
143 144
68 32
184 4
27 176
131 179
161 147
110 39
121 36
163 150
178 14
15 178
130 26
6 173
196 154
178 169
161 104
53 59
112 16
98 170
8 160
92 66
6 10
174 66
109 49
158 73
122 73
161 53
7 123
157 124
138 125
9 139
50 78
25 26
173 78
195 63
31 76
98 101
151 98
8 32
175 41
151 109
100 179
157 57
168 146
10 78
58 65
27 93
198 12
177 149
20 63
137 23
59 67
3 190
39 59
118 11
40 123
109 103
151 22
106 109
145 68
14 149
75 108
120 173
182 150
191 22
111 5
184 100
158 113
6 121
75 57
124 62
55 132
101 104
4 135
185 156
109 89
114 105
17 8
196 71
57 19
31 139
79 98
101 45
199 179
75 182
133 83
143 20
32 111
197 145
21 130
36 139
81 178
11 178
88 184
82 62
88 190
90 8
51 147
13 24
16 150
91 178
23 152
124 180
89 50
94 50
55 176
37 78
58 136
100 132
71 80
94 37
60 109
121 78
125 22
161 128
50 68
183 182
103 132
182 157
184 67
21 101
122 113
11 89
19 108
135 100
194 15
2 196
129 5
4 74
55 5
30 195
33 57
130 4
183 72
147 142
100 195
189 109
41 120
52 179
139 19
92 26
111 16
82 180
149 188
188 85
154 195
98 61
3 179
78 148
187 13
124 197
14 144
98 128
57 13
59 158
51 104
75 72
98 133
63 126
189 128
50 96
23 80
161 45
168 42
98 96
85 28
33 7
163 6
195 67
72 141
11 190
117 1
132 190
92 67
1 183
99 109
6 90
153 133
97 17
32 7
63 26
6 17
31 183
29 98
119 50
165 189
196 29
156 136
48 47
44 179
90 155
95 5
136 132
129 123
17 57
141 123
30 20
35 109
194 137
4 102
165 167
163 64
141 31
67 135
145 8
169 171
103 146
34 50
145 62
133 70
44 167
37 119
143 170
46 93
11 149
17 33
157 82
167 131
66 59
13 96
195 107
127 63
120 121
164 50
1 125
115 13
5 47
14 66
150 72
16 138
174 29
25 127
59 28
40 93
32 129
162 156
136 5
183 181
136 176
196 165
122 85
148 120
37 5
144 177
5 65
110 14
44 189
158 161
100 74
123 6
158 71
4 63
14 152
16 47
76 123
46 6
55 93
132 60
155 123
113 39
11 144
19 157
75 33
161 156
19 182
156 24
132 27
176 133
37 68
136 143
180 148
199 167
168 113
62 148
14 2
40 32
65 156
69 156
191 156
132 65
179 67
177 67
4 92
157 148
62 121
35 158
85 15
84 156
113 92
126 147
196 156
121 180
100 101
19 33
139 175
66 117
42 92
81 171
114 98
78 150
109 87
57 5
125 181
98 99
98 75
177 152
73 168
23 53
161 80
80 186
163 180
150 1
89 13
172 156
14 186
7 138
169 194
5 33
188 59
77 7
155 46
150 94
144 87
103 113
33 123
83 96
33 13
143 101
135 147
77 175
91 171
79 143
184 147
40 34
80 53
13 139
13 108
159 184
16 22
189 131
85 169
172 1
77 40
154 20
137 29
4 25
81 194
30 14
15 149
200 9
91 194
22 99
180 46
143 128
1 56
177 186
15 59
97 72
183 96
39 73
17 108
121 157
170 189
195 165
41 37
199 189
109 118
56 66
142 104
140 156
99 156
30 26
65 143
78 64
189 192
52 189
179 147
138 98
17 75
22 18
67 74
59 86
150 119
77 36
123 180
97 123
52 167
14 53
109 149
69 5
143 61
98 103
17 155
177 110
17 19
6 134
169 149
5 139
181 150
110 143
87 110
52 195
142 98
146 178
39 35
23 158
12 190
5 132
7 90
39 23
80 158
22 106
170 147
40 166
115 125
186 87
155 134
21 63
136 196
98 51
106 156
156 18
166 156
197 121
99 5
133 27
65 196
156 151
180 173
6 32
112 98
71 137
150 31
195 44
132 35
175 163
11 184
187 156
31 97
156 34
5 143
155 32
90 40
17 13
81 149
10 120
132 198
62 50
16 57
181 172
139 120
109 147
191 5
60 98
190 101
148 197
15 110
194 67
146 171
125 114
52 45
147 193
29 149
144 29
92 2
44 45
190 161
183 24
159 179
63 67
145 64
32 141
150 24
14 154
50 8
92 61
13 34
178 113
143 193
82 197
5 108
55 133
95 156
117 115
30 127
167 159
196 44
8 37
59 4
171 113
95 40
180 17
117 93
142 190
12 184
89 138
109 104
87 132
72 19
139 54
30 126
33 182
192 167
104 170
28 110
137 177
51 143
156 49
139 200
101 198
59 169
59 122
52 196
127 101
130 67
147 195
115 172
23 66
2 59
6 145
131 195
45 131
123 175
23 15
14 44
154 126
149 91
97 32
187 172
47 78
117 133
180 90
75 105
105 112
20 92
143 186
149 43
11 110
147 128
161 21
55 19
30 4
192 45
50 197
3 167
147 79
112 83
6 50
62 173
115 56
27 143
50 166
88 167
26 154
79 189
110 188
66 194
37 164
173 197
183 187
123 36
96 2
171 149
121 9
133 40
5 17
149 132
72 157
16 33
40 58
20 59
9 124
35 98
121 139
47 145
150 8
96 150
16 108
196 85
122 110
66 177
23 28
136 133
123 57
146 194
155 50
75 64
25 67
160 6
192 195
164 150
79 104
180 50
59 61
27 19
159 135
97 13
17 175
14 52
34 172
112 2
194 4
128 104
37 62
87 152
111 96
197 37
134 64
42 178
96 55
193 104
5 196
2 114
200 41
193 190
66 172
157 13
12 167
33 32
12 132
59 43
40 138
172 24
34 183
156 50
109 190
26 66
80 14
172 166
13 156
34 150
31 75
115 183
66 162
96 47
105 138
138 46
32 180
110 29
142 45
13 64
197 10
31 157
187 117
20 194
153 143
11 116
141 16
56 181
26 137
125 137
47 163
195 199
113 194
155 160
5 140
123 9
147 98
40 145
9 82
123 108
173 157
53 177
73 178
10 180
67 30
49 22
189 3
117 166
12 135
195 3
143 142
162 115
42 171
5 151
50 175
192 196
126 159
26 52
97 5
141 96
89 183
132 70
89 112
109 110
45 199
92 156
151 58
125 105
41 121
5 84
59 81
98 87
5 49
32 76
74 147
161 39
56 187
161 5
13 182
149 146
46 175
16 114
194 168
58 49
69 58
96 70
112 7
172 93
133 132
132 118
184 132
192 14
98 118
2 194
143 55
154 4
19 136
196 103
14 107
154 127
139 124
109 144
127 52
154 67
115 150
12 179
46 36
190 51
135 132
130 147
29 66
52 20
21 154
28 35
175 90
3 45
64 19
171 73
96 108
188 23
190 170
4 52
17 182
195 159
131 196
151 132
157 10
172 50
101 59
5 182
151 143
150 187
187 111
57 96
32 57
132 69
68 150
176 96
85 43
129 77
121 123
131 14
22 7
187 125
43 110
88 195
117 50
127 131
82 139
50 125
110 169
149 168
117 34
120 123
126 12
128 59
143 152
39 80
36 90
45 88
184 101
183 156
121 77
127 107
160 180
109 116
121 90
134 180
187 47
13 123
147 63
172 185
16 105
146 59
83 143
16 97
103 174
185 117
172 133
151 133
26 2
27 196
187 141
196 35
116 138
35 174
183 32
78 40
29 26
72 33
68 64
1 47
196 153
49 132
107 26
196 199
140 132
150 62
125 98
75 2
147 143
16 98
72 13
53 143
127 192
50 56
196 3
129 90
101 12
102 67
132 99
39 71
128 190
43 23
1 141
145 129
132 19
88 179
109 40
181 47
37 6
112 70
87 53
37 155
148 139
5 157
96 27
163 40
166 125
112 40
106 5
37 180
45 109
67 137
196 55
165 14
67 66
28 80
19 31
77 183
13 172
46 121
164 64
70 114
107 4
16 37
13 185
139 16
162 181
196 88
92 73
168 59
59 170
59 171
33 31
5 72
85 146
46 120
32 13
196 105
42 103
19 123
85 81
184 161
99 58
106 132
156 150
150 41
11 152
189 143
173 139
47 115
41 54
166 13
143 69
133 65
13 117
50 162
132 167
8 64
125 185
66 181
47 68
64 5
90 111
137 4
42 194
94 64
143 80
99 143
31 13
126 132
85 168
14 39
162 187
71 28
56 133
26 131
11 126
24 117
110 168
137 16
34 125
23 169
172 138
152 109
79 190
43 71
142 184
106 58
106 133
139 10
161 28
173 9
196 60
61 104
95 117
150 197
47 156
95 13
143 104
58 172
50 95
163 129
65 19
19 106
149 113
66 187
194 73
33 77
72 17
191 132
196 87
121 17
2 29
3 14
58 191
131 4
108 32
143 190
58 140
92 101
27 112
182 64
13 125
5 18
143 70
7 145
140 143
59 91
109 178
121 163
20 131
67 131
176 132
172 95
36 163
67 52
96 139
42 149
189 88
177 80
110 81
96 97
12 195
49 143
191 143
46 109
93 56
75 123
73 149
40 68
124 41
100 63
111 1
16 64
77 120
120 163
151 19
46 9
149 98
151 176
29 178
182 123
182 16
133 162
128 45
13 77
145 155
108 1
126 131
126 52
144 98
144 132
102 21
109 186
113 59
96 64
96 37
23 168
181 141
119 64
59 42
99 133
160 175
173 41
133 181
54 123
93 132
129 78
110 86
132 178
63 159
29 156
181 93
139 1
175 134
196 70
115 66
40 48
62 64
166 183
125 24
20 107
21 30
73 59
159 59
125 2
132 110
187 133
137 7
183 172
21 25
147 154
88 14
162 1
24 162
37 175
162 34
77 76
56 58
87 80
94 40
112 176
196 99
93 136
147 30
14 158
107 126
31 17
98 189
96 33
172 150
162 93
66 1
14 199
158 143
23 81
141 115
56 34
125 70
35 43
97 1
40 62
49 133
19 32
170 45
148 9
41 82
43 80
77 97
20 192
17 36
29 67
67 2
196 69
1 64
197 64
65 176
19 99
66 34
196 83
61 190
19 77
11 167
192 4
123 200
128 92
196 49
61 194
9 77
150 155
24 47
100 161
176 125
113 85
71 188
58 84
191 196
176 106
93 106
161 43
77 141
64 160
110 113
166 150
192 26
27 161
20 44
113 23
39 143
29 5
196 140
151 196
166 47
132 179
90 19
16 157
143 45
115 111
135 11
42 85
103 73
72 64
71 81
36 134
41 64
191 133
42 110
101 126
133 34
18 58
169 71
16 2
123 173
56 24
109 80
152 132
41 40
169 35
46 200
89 22
32 175
96 182
175 145
20 88
126 161
10 9
87 174
76 90
1 182
35 188
25 147
92 159
1 133
137 87
135 101
26 88
161 55
93 187
177 2
23 42
162 185
21 52
130 100
168 71
87 158
20 199
198 161
199 26
123 124
148 41
77 200
188 80
54 77
143 106
171 85
196 58
150 6
179 11
130 159
61 137
29 61
46 54
93 65
87 66
129 68
119 40
71 42
170 92
148 123
150 175
96 106
85 73
70 16
123 5
177 61
29 22
173 46
69 133
16 176
16 83
176 114
62 10
185 183
199 127
127 161
186 11
46 148
161 105
4 199
50 36
132 186
26 44
160 36
131 21
112 46
45 193
34 47
86 23
126 199
137 35
91 85
71 66
3 26
194 101
62 47
30 100
178 98
166 162
56 185
169 80
20 3
137 103
165 20
73 110
141 166
35 66
115 97
40 11
16 129
163 54
4 44
133 115
114 7
171 110
179 101
77 108
82 123
64 155
46 124
187 58
172 112
161 153
40 116
106 196
161 70
60 174
54 17
50 66
74 159
185 150
149 196
10 41
147 92
174 26
161 99
40 164
83 114
57 77
128 194
166 56
32 182
81 35
35 42
122 23
11 46
31 64
92 79
157 96
13 56
194 159
23 73
71 113
26 87
71 86
98 110
96 132
35 168
161 179
192 126
21 192
61 2
35 86
129 48
26 165
21 107
79 59
191 19
156 141
165 4
142 100
23 2
125 83
1 157
24 66
1 93
75 32
104 98
65 96
100 143
109 53
12 74
197 40
121 50
23 171
192 67
29 105
76 16
199 21
115 108
120 17
196 118
117 183
176 99
150 117
196 18
47 185
150 89
77 173
7 163
140 133
153 96
51 45
186 29
8 40
84 196
196 133
65 161
165 127
106 112
29 4
185 66
37 1
123 10
84 143
106 114
19 69
86 80
67 23
113 35
33 90
16 123
167 101
161 106
106 125
44 127
174 2
142 126
11 80
43 143
147 52
79 45
181 58
140 19
71 73
77 148
80 113
80 42
195 101
71 171
144 196
110 91
88 4
161 42
161 151
84 132
26 156
67 199
187 138
47 197
12 63
146 110
158 109
160 40
123 72
91 23
98 186
47 8
132 18
128 137
163 9
66 103
192 147
46 10
168 80
117 58
96 123
56 95
125 27
145 76
155 40
101 63
132 63
132 125
29 153
125 95
179 142
109 39
54 90
2 87
126 143
133 84
11 172
138 2
73 35
71 122
133 50
126 44
111 156
80 132
134 121
29 80
49 19
44 21
47 89
84 19
133 18
182 77
158 177
103 26
63 11
148 163
160 47
146 23
129 96
18 19
50 93
147 59
179 143
17 148
59 189
32 36
92 105
6 64
21 165
165 126
196 186
61 45
69 161
56 150
180 145
185 133
67 165
98 7
47 41
124 77
38 64
72 32
60 66
145 33
103 2
12 161
46 82
184 143
108 187
113 161
77 72
119 47
150 125
31 123
49 176
141 89
129 1
42 143
66 166
138 83
18 176
71 146
167 161
172 109
166 111
143 18
146 35
16 106
121 32
93 18
77 75
82 77
7 2
30 159
5 32
59 156
87 39
75 90
143 127
35 122
195 132
65 125
143 12
80 122
39 177
32 31
161 86
190 98
17 9
61 23
100 25
117 138
17 200
133 166
141 24
138 70
126 51
92 189
90 13
112 132
138 181
27 16
161 169
12 30
143 113
108 90
11 187
93 151
96 76
76 163
90 183
67 174
125 183
12 130
152 29
126 61
43 177
37 115
71 2
132 130
194 170
92 22
40 6
190 59
61 100
33 163
64 175
58 1
19 196
137 20
90 72
160 129
145 13
11 195
17 82
88 127
125 47
133 24
169 143
35 2
98 45
98 89
174 186
7 78
174 149
24 93
186 66
137 159
130 11
66 149
163 82
93 185
161 191
81 80
187 37
91 71
161 135
29 99
123 1
200 163
61 179
22 40
61 66
144 174
120 90
51 59
182 115
90 82
115 157
130 101
158 11
58 24
2 149
37 36
93 49
117 11
196 110
3 127
133 143
11 39
71 15
163 173
145 111
126 88
52 100
170 126
98 126
176 196
100 170
129 197
90 57
47 6
116 172
133 95
119 129
35 171
132 16
58 185
95 162
93 196
184 61
156 14
80 146
19 143
141 34
9 90
34 93
50 9
132 114
137 89
55 29
176 69
3 126
145 36
127 142
166 108
193 126
90 97
171 80
161 168
188 161
67 107
72 96
1 33
29 191
26 35
82 50
177 4
96 151
129 115
129 8
174 110
11 74
141 90
21 88
82 134
151 29
37 166
161 122
107 147
52 159
47 164
50 120
27 114
150 95
42 177
51 92
145 121
158 132
97 166
195 161
12 52
143 28
157 166
138 56
186 2
36 150
100 193
138 176
103 156
193 59
196 178
115 93
15 35
93 166
194 51
143 21
125 141
87 42
46 22
137 46
112 116
188 143
143 198
90 200
140 176
21 3
31 77
19 145
167 143
24 111
59 104
70 75
57 1
125 151
7 68
96 49
173 17
7 48
145 97
96 32
38 40
162 150
38 47
114 151
161 49
56 11
132 39
37 24
74 101
77 10
158 29
143 195
67 103
67 35
93 69
96 196
137 149
34 111
189 194
64 36
82 145
36 40
64 115
33 78
80 73
193 92
37 156
54 50
58 161
29 106
36 47
41 129
194 79
29 39
196 152
90 31
106 92
172 47
177 169
20 177
148 90
25 12
146 161
113 177
76 1
196 125
123 115
166 64
87 67
135 143
154 100
84 176
1 32
187 157
11 52
47 155
42 14
134 40
120 134
98 152
143 122
193 184
30 11
187 112
96 18
129 164
175 40
87 43
143 146
194 193
80 98
161 73
61 35
46 98
150 180
125 55
132 74
107 100
157 156
33 115
49 125
130 161
68 33
172 22
86 143
12 154
52 101
48 33
25 11
166 123
196 80
138 24
83 75
12 107
105 59
145 57
22 187
161 136
59 142
191 176
161 81
73 143
136 96
111 89
133 161
177 73
137 186
200 50
75 145
61 127
186 67
147 165
89 2
162 58
178 174
13 162
121 150
113 87
56 22
191 93
45 59
58 166
200 134
58 50
29 27
5 31
140 161
33 119
49 114
95 66
17 124
137 172
100 51
132 138
44 67
73 87
183 56
147 44
8 33
112 49
73 14
27 138
35 91
71 67
29 133
155 129
183 145
132 53
115 76
143 176
174 152
21 142
109 187
161 63
37 34
147 131
23 156
161 84
150 66
80 174
4 23
14 113
90 173
111 125
141 185
186 26
69 29
58 115
117 47
99 93
196 39
16 32
4 3
12 131
128 177
136 29
178 66
148 50
42 109
41 33
114 196
162 183
79 126
92 104
177 28
43 14
31 96
59 126
93 143
2 178
134 54
180 40
177 146
163 183
63 143
34 157
122 177
168 143
109 126
145 72
84 93
101 30
25 101
156 108
5 77
137 187
177 86
92 151
68 76
34 108
92 45
126 128
176 75
138 162
156 123
80 15
141 117
72 1
87 146
66 144
145 108
147 199
54 145
137 193
123 34
29 49
125 37
18 161
175 47
145 120
17 10
96 84
70 29
179 193
161 171
26 71
100 79
88 67
92 142
11 162
3 67
165 12
179 170
27 75
121 160
190 92
47 134
97 163
106 59
187 98
23 105
30 132
1 31
91 80
161 19
93 140
31 145
142 194
14 146
92 27
57 163
95 183
92 5
125 108
29 58
111 181
168 177
37 181
12 142
188 177
81 177
200 145
191 92
145 9
32 115
187 123
124 90
26 149
64 187
143 96
112 56
193 127
134 129
12 192
8 7
51 137
5 59
146 109
47 95
125 153
170 127
99 92
29 65
116 187
177 171
66 152
22 116
45 194
137 142
28 87
42 132
169 87
57 68
177 91
13 163
92 133
156 186
64 156
150 82
154 101
161 93
199 12
29 140
100 165
102 147
111 163
150 133
57 48
60 2
13 68
182 90
111 117
141 172
101 165
68 111
92 70
139 115
150 93
114 153
95 141
117 37
15 177
61 174
121 40
147 3
14 169
139 166
36 129
32 82
182 145
99 96
161 74
101 137
102 12
54 32
68 97
185 138
11 165
91 161
29 84
143 171
16 72
184 170
189 137
142 195
125 143
141 162
185 111
48 76
182 166
12 170
29 19
194 147
82 160
58 150
47 162
100 98
29 18
193 177
73 109
143 74
16 49
171 87
9 134
24 11
30 161
168 87
89 37
163 19
82 40
7 41
183 133
115 138
112 117
7 27
109 43
58 92
153 16
171 14
125 18
148 134
129 6
137 79
53 11
3 12
13 133
183 66
109 100
66 13
132 75
159 165
84 92
108 163
159 25
100 192
87 122
138 106
92 18
153 112
8 76
166 33
138 150
91 143
127 98
143 30
32 9
143 130
142 135
61 87
196 112
92 19
80 66
102 100
4 35
87 86
135 170
75 163
132 25
144 2
13 93
54 160
14 28
196 158
92 69
74 142
74 170
10 90
141 56
166 138
153 92
94 47
9 160
98 172
113 109
145 148
28 109
18 114
92 65
186 105
108 68
11 154
143 81
139 156
185 37
28 132
129 175
24 108
152 2
82 37
132 146
9 150
11 146
163 10
33 36
159 177
142 167
101 107
100 199
45 137
11 181
137 147
33 134
138 153
9 40
115 57
159 35
163 182
37 9
100 59
34 64
110 66
99 125
180 64
50 138
161 176
178 26
173 145
100 3
126 92
113 132
187 2
25 161
131 100
59 153
118 66
75 68
112 162
195 170
69 96
101 3
48 97
55 114
155 33
120 160
59 99
61 195
200 160
164 33
108 185
65 114
79 127
7 176
39 98
184 98
142 63
29 93
193 35
64 82
157 24
23 159
132 73
29 159
188 87
52 161
109 127
146 29
181 112
134 173
19 68
68 183
168 14
11 107
44 12
180 47
130 142
91 87
55 112
7 83
112 151
17 96
84 59
187 139
13 58
48 183
136 92
88 12
2 172
79 184
28 11
153 75
49 92
71 61
32 200
86 14
101 102
71 4
30 142
13 48
34 139
11 113
150 200
81 87
92 55
123 24
187 83
18 112
166 11
73 11
152 26
129 166
127 59
37 95
25 143
57 166
11 3
158 98
33 6
125 84
165 161
11 102
136 125
61 135
185 11
142 25
176 29
31 163
22 59
134 10
129 187
129 38
50 173
137 170
126 137
131 101
66 141
176 92
66 47
96 191
109 86
158 66
9 64
141 133
16 31
77 96
43 132
7 6
188 14
37 162
159 102
83 161
7 153
11 150
160 148
173 160
172 37
96 90
162 111
34 58
56 47
16 17
26 144
11 131
47 9
146 98
159 3
15 161
31 115
40 98
101 177
8 57
141 145
143 15
66 4
162 22
7 119
8 97
193 195
97 119
81 14
181 108
22 181
129 156
31 166
109 81
118 174
29 28
51 127
91 14
11 115
37 66
185 157
50 11
61 74
23 193
49 138
50 10
147 88
103 61
62 129
156 97
197 33
129 180
100 92
143 165
59 69
148 32
56 37
94 129
136 114
109 169
133 47
7 164
155 7
11 43
187 176
125 157
193 135
179 98
134 7
192 101
86 132
109 168
163 141
48 75
63 170
27 59
143 114
98 162
89 83
61 12
73 29
49 59
124 163
134 97
86 11
12 193
66 111
166 76
124 134
189 177
161 3
128 100
138 13
143 3
101 199
61 63
170 167
100 88
56 98
195 98
35 128
150 54
100 137
86 29
125 69
53 29
196 146
16 151
112 65
10 160
79 195
79 177
168 132
65 59
17 1
98 181
166 32
170 30
180 33
17 166
120 32
151 59
154 159
43 29
59 176
108 162
88 101
69 114
97 187
33 187
75 8
168 11
183 8
93 141
15 87
109 188
145 96
16 196
193 74
84 186
129 9
112 115
140 96
196 28
77 16
9 33
115 17
83 29
195 109
75 106
163 72
145 5
72 166
157 162
139 24
29 168
168 196
61 167
49 75
6 97
198 142
169 132
180 7
23 128
52 143
97 155
95 111
183 119
4 87
159 107
88 11
132 3
122 14
10 145
179 79
170 21
122 109
154 161
59 133
194 126
23 101
111 56
11 192
187 114
132 81
92 127
183 6
124 50
89 114
68 31
102 161
7 105
59 195
182 187
113 29
196 53
84 114
106 7
108 48
57 119
2 80
33 38
61 186
142 3
25 170
96 161
29 96
193 167
168 98
93 183
64 24
77 1
61 30
37 121
63 193
66 108
99 114
159 131
18 59
178 137
170 198
29 114
13 11
138 151
134 183
172 114
42 29
11 199
37 133
81 29
191 59
6 57
81 11
110 2
142 52
61 178
14 15
37 200
143 112
11 1
79 23
33 160
28 98
96 163
36 7
119 75
124 145
92 83
136 112
66 159
89 176
12 79
113 196
93 92
128 29
160 124
7 9
56 109
158 174
22 117
39 174
58 59
132 52
193 30
70 59
135 79
66 128
156 35
108 117
200 40
93 59
66 39
3 170
115 72
114 161
54 37
132 122
100 44
68 72
57 187
179 109
120 37
129 34
29 125
114 140
97 36
181 157
190 137
151 186
1 145
6 75
7 38
191 114
182 156
185 139
186 27
54 40
144 137
196 43
109 15
200 64
8 13
31 48
44 11
183 58
109 91
177 45
121 64
169 29
112 185
136 16
57 156
7 70
33 94
161 125
166 112
168 66
166 77
187 72
167 79
107 161
109 171
90 5
79 30
117 157
148 37
112 50
144 156
97 34
79 35
148 40
193 198
74 79
64 54
124 32
68 96
170 130
38 97
145 166
66 146
156 149
17 187
197 7
131 161
29 112
68 182
192 161
96 48
98 113
131 143
23 45
34 182
12 98
101 44
98 43
7 49
132 15
30 98
162 109
156 17
161 88
48 111
188 132
66 85
143 154
156 194
55 16
193 25
173 32
141 68
196 73
105 35
63 79
159 192
187 76
92 96
139 181
199 161
29 188
66 193
170 52
104 137
159 71
129 82
88 159
159 199
174 168
157 66
177 156
10 32
123 181
138 136
85 174
97 78
193 3
90 1
13 112
11 183
16 143
119 76
148 64
115 77
145 16
30 109
4 186
70 89
127 128
132 7
53 98
84 112
193 21
166 22
183 78
129 200
180 97
61 149
162 139
35 84
77 187
52 193
132 89
133 111
186 58
96 59
161 44
156 77
86 196
59 83
182 24
70 187
21 61
156 87
120 40
124 40
55 59
186 153
32 187
12 109
11 188
138 55
89 106
186 69
2 118
56 137
146 174
193 130
34 57
2 46
29 16
28 174
143 102
192 143
170 131
59 179
147 177
153 35
163 5
167 98
100 194
61 130
161 112
8 96
42 11
68 5
75 136
176 186
17 34
97 9
170 192
150 148
47 93
55 186
186 133
146 2
132 91
75 134
55 75
118 26
98 86
180 183
163 1
97 197
68 1
16 68
193 192
183 9
57 134
39 2
48 72
35 58
29 122
172 111
115 145
91 29
11 91
170 102
178 156
140 92
78 75
67 178
166 68
133 157
107 143
22 50
98 166
176 172
75 151
122 11
149 67
2 158
89 49
93 37
4 103
122 196
166 90
146 26
80 26
174 86
135 98
128 179
89 153
34 77
58 47
170 177
181 182
134 76
60 26
59 30
29 138
69 112
186 70
51 179
142 192
46 114
109 181
124 37
138 1
24 77
98 73
37 10
37 58
196 42
111 93
40 10
16 90
34 72
33 175
191 125
13 134
48 5
171 132
23 147
150 10
185 123
57 24
105 149
145 187
46 176
185 22
186 5
154 170
75 29
108 133
137 146
174 113
143 88
186 83
34 32
58 111
183 36
133 139
11 34
138 143
105 87
200 47
132 192
187 153
187 49
182 185
182 133
23 20
89 157
60 137
33 62
195 51
71 128
8 31
97 24
60 61
37 11
171 29
34 138
159 44
188 196
84 16
198 61
83 172
4 174
154 142
154 193
61 52
107 170
23 189
35 69
54 129
149 153
59 136
69 16
50 98
124 150
18 186
132 187
137 80
185 64
29 15
122 98
169 11
166 163
120 150
34 33
8 108
126 177
61 144
24 112
24 22
61 25
7 29
125 140
79 52
124 64
35 83
98 185
7 151
162 182
176 35
81 196
149 4
26 39
117 182
64 120
48 182
62 7
33 200
146 156
161 16
35 70
129 121
75 9
93 186
171 11
97 164
98 24
58 149
157 95
92 114
106 186
60 67
81 98
57 185
75 36
149 83
46 83
151 35
45 35
124 129
185 77
20 35
155 183
129 148
177 142
59 140
196 171
48 19
112 191
107 142
98 171
18 16
22 115
109 166
162 116
145 34
66 20
105 177
128 195
60 156
7 136
61 80
40 173
156 32
15 11
133 35
1 48
37 138
13 22
79 25
177 51
11 111
77 181
96 134
134 31
182 8
116 166
47 54
174 73
18 35
137 181
196 91
119 13
174 122
66 79
23 142
59 19
143 199
47 82
85 2
31 187
181 116
66 86
4 2
30 51
157 56
151 89
23 51
149 176
187 90
19 8
128 149
132 46
11 47
92 125
70 149
92 179
5 8
128 103
108 56
59 125
94 7
56 114
172 157
8 72
186 96
22 37
167 109
183 197
141 11
172 108
75 143
156 174
99 186
137 179
121 47
17 24
105 178
170 165
98 74
7 160
198 79
63 98
68 187
151 149
169 196
95 108
173 150
2 56
191 16
97 160
79 130
174 43
64 10
173 37
142 102
70 46
125 186
77 133
3 61
136 89
137 39
194 190
46 49
106 187
18 149
175 7
75 84
157 11
162 137
1 22
72 134
87 83
115 98
35 55
134 182
142 131
97 94
177 190
65 186
120 129
119 96
7 55
132 154
122 66
75 155
193 107
183 138
137 166
110 26
72 156
186 49
140 112
105 89
174 171
102 193
91 98
142 35
22 150
78 57
98 169
160 183
128 174
6 13
8 1
35 147
112 99
109 63
137 40
183 22
16 99
41 97
140 16
112 1
119 72
174 81
11 95
75 18
51 12
10 129
112 183
43 66
114 40
56 182
98 130
5 134
21 79
35 106
54 33
186 140
133 149
7 143
46 106
17 185
156 80
23 126
41 183
44 143
39 61
132 107
72 24
20 71
57 155
79 3
196 75
182 66
42 98
55 89
98 52
24 137
109 74
174 42
170 44
148 47
66 113
181 17
139 56
134 1
16 163
46 153
130 109
150 112
46 151
107 79
93 35
54 7
153 172
22 186
149 55
57 181
142 44
26 158
75 197
37 112
163 187
193 44
85 26
30 128
35 96
24 32
119 1
99 75
110 137
76 34
47 124
191 186
88 170
97 54
10 47
28 66
125 35
43 26
34 22
172 70
3 98
51 35
129 173
173 64
132 172
58 141
124 33
180 75
115 137
66 142
191 35
137 158
141 48
46 116
102 132
61 146
119 182
35 140
69 149
188 98
102 79
109 135
58 95
11 108
51 130
50 137
15 98
105 46
97 62
49 172
35 189
28 26
174 53
66 147
25 98
74 51
98 37
106 149
120 47
26 122
22 141
87 151
22 111
128 2
56 77
174 159
176 56
23 190
18 138
145 156
51 135
24 109
13 155
137 37
97 175
156 39
44 132
23 170
187 151
93 95
35 27
16 48
10 33
52 109
6 1
132 131
56 57
112 92
73 66
188 174
140 149
45 66
26 73
174 91
83 178
26 113
145 24
163 115
114 59
93 157
134 108
65 16
100 177
178 4
67 80
34 31
92 16
114 24
11 182
111 8
66 81
199 170
156 33
142 88
194 179
176 40
86 26
137 152
156 76
137 185
26 168
53 66
61 107
182 172
150 98
18 7
170 35
100 23
89 29
130 128
33 121
199 142
146 67
61 102
52 51
146 4
137 116
49 35
13 98
7 124
137 85
104 194
1 155
156 31
125 182
46 29
2 73
23 104
34 112
33 120
66 139
142 165
146 105
138 196
44 61
158 61
144 105
89 143
56 123
192 61
156 163
134 19
91 66
6 76
183 175
85 156
172 139
5 35
27 149
173 47
22 35
31 119
26 91
59 16
145 185
30 92
24 176
151 178
174 169
125 139
72 6
166 176
82 33
7 120
172 151
132 88
105 187
183 62
149 125
70 178
89 27
21 98
75 62
178 128
81 26
197 57
149 93
33 173
116 56
112 59
160 75
195 92
192 79
51 167
138 99
128 52
101 35
7 10
185 32
44 79
7 196
84 149
66 169
115 68
43 2
128 186
69 178
25 109
148 33
110 156
186 112
183 54
124 97
2 91
124 183
102 98
57 133
118 137
162 77
23 83
7 173
6 31
67 39
186 136
184 109
85 61
66 188
90 115
192 98
97 173
137 30
32 181
39 4
7 82
76 155
101 66
178 18
131 193
30 194
56 151
191 75
156 71
53 26
98 1
48 187
108 119
79 154
196 15
191 138
161 75
141 8
169 26
85 67
52 92
156 90
151 40
12 128
75 69
183 38
167 128
59 75
25 51
70 56
48 115
13 197
75 54
97 82
39 128
76 24
156 68
149 22
121 7
95 182
64 181
189 66
2 86
182 89
21 109
119 5
183 164
6 182
19 119
98 198
112 111
39 159
62 57
185 109
24 33
149 5
37 109
61 154
59 138
191 7
157 58
141 119
52 59
191 89
131 61
199 132
70 40
63 51
38 75
62 13
51 21
22 47
181 145
76 185
66 51
4 85
156 152
75 124
18 87
154 98
128 135
71 142
57 124
59 135
199 61
39 142
107 98
48 166
35 190
46 55
183 98
137 195
16 186
72 155
154 109
178 55
20 39
19 6
29 187
112 141
92 135
198 109
193 199
173 183
35 112
128 63
16 35
124 13
167 59
2 168
133 123
40 2
134 141
193 71
65 75
176 181
83 40
66 42
97 120
185 72
57 54
177 104
187 8
149 49
139 95
82 183
85 128
95 22
66 170
197 72
115 8
176 185
121 97
92 167
138 84
57 180
109 102
175 75
108 6
87 55
141 6
184 51
40 49
105 172
105 85
74 128
67 158
75 173
99 7
71 170
69 138
188 26
72 181
178 125
161 138
105 40
24 2
171 66
34 90
137 86
174 15
51 198
81 2
109 50
166 2
176 178
195 194
166 8
135 137
75 82
190 66
186 19
138 141
196 89
106 172
115 134
56 145
132 165
105 71
182 58
73 137
6 5
120 183
135 194
23 135
56 49
61 88
149 191
152 61
169 2
76 181
50 176
35 99
56 83
78 13
77 66
105 60
53 2
191 178
107 109
56 64
24 49
96 6
51 107
132 40
57 173
142 174
2 28
61 86
166 134
66 57
134 187
168 137
22 157
62 72
111 134
71 45
73 61
24 129
71 147
56 76
92 130
49 178
56 32
105 174
136 35
138 65
108 89
7 59
1 62
87 128
103 159
96 149
2 50
6 111
161 7
129 185
105 56
95 77
171 26
96 178
156 48
69 7
56 132
181 2
155 5
55 187
66 15
184 128
114 186
199 79
186 138
137 53
54 13
46 27
65 7
2 171
92 12
24 70
155 108
24 151
145 133
196 46
115 109
172 29
38 57
66 104
127 194
13 137
50 49
92 184
193 88
44 98
79 131
113 2
117 98
158 156
108 62
30 23
172 55
109 192
68 34
30 177
182 93
97 10
59 130
55 56
51 102
125 87
51 154
191 46
16 149
12 59
100 66
166 6
137 81
178 84
137 127
166 119
170 39
183 121
39 193
155 19
195 23
56 153
137 91
2 188
144 83
70 50
166 155
87 69
165 193
25 128
8 156
51 192
66 123
138 111
199 98
108 58
116 50
34 163
137 169
5 178
183 10
71 189
101 71
1 197
128 102
200 97
156 86
82 57
51 44
91 156
23 127
47 138
69 89
126 66
24 132
38 13
97 185
167 194
177 195
159 178
138 95
159 186
200 7
105 91
141 98
51 71
124 72
153 178
105 86
109 13
70 87
133 64
187 191
1 109
123 95
56 106
137 171
137 113
75 164
120 75
183 109
200 183
139 11
76 133
146 83
132 50
61 169
200 75
62 166
83 86
66 64
192 128
91 61
87 84
178 140
70 23
154 128
154 92
97 148
176 13
11 77
26 15
109 150
128 146
181 97
51 39
102 92
137 188
24 83
153 40
156 118
128 21
158 4
159 2
110 61
175 57
84 7
137 1
2 122
61 168
166 197
137 122
133 178
120 57
149 99
112 47
85 83
98 131
121 75
181 129
169 67
184 59
139 117
174 83
62 76
105 194
186 75
57 160
61 81
178 27
76 197
89 84
24 31
106 178
176 37
114 50
61 165
67 110
136 46
24 163
172 77
95 64
197 108
180 13
123 11
2 185
156 81
87 27
29 142
12 194
7 186
163 185
119 111
74 92
84 23
110 105
16 8
106 87
90 24
159 146
51 3
69 23
31 155
137 43
115 119
87 191
40 55
58 139
37 2
156 73
83 194
66 30
148 7
72 180
2 13
55 24
88 98
23 179
92 138
194 184
96 155
98 165
13 116
163 181
166 49
29 170
156 113
155 111
108 180
162 2
85 69
112 95
2 115
56 72
79 165
46 69
50 55
88 79
111 197
21 92
166 180
35 30
191 172
188 156
87 153
54 72
15 2
61 122
116 115
87 49
51 131
122 156
87 133
35 19
72 133
25 92
4 60
128 198
56 191
136 187
10 75
106 23
31 197
118 61
35 126
22 182
159 87
34 48
171 61
183 94
56 129
100 35
59 89
109 131
154 59
19 149
169 156
197 19
137 28
159 85
13 120
182 138
23 27
72 66
37 116
40 106
141 155
115 6
16 178
174 170
98 34
158 105
66 195
163 56
19 178
21 59
144 69
25 59
57 200
111 62
116 98
148 183
182 112
109 44
162 123
87 96
57 164
60 128
33 185
137 15
142 146
136 172
39 101
167 137
53 61
74 59
137 183
155 182
83 91
148 75
49 13
35 65
24 68
80 105
158 83
15 61
185 90
9 57
197 5
62 19
166 54
171 156
66 145
177 179
76 66
87 16
47 98
103 105
23 133
133 32
91 69
108 93
137 184
61 188
98 182
57 148
24 48
18 89
149 112
138 140
92 192
76 95
31 62
174 51
81 67
16 134
67 188
49 37
73 67
173 13
133 163
77 58
67 144
113 105
67 91
172 69
156 43
165 51
115 155
178 99
132 13
180 19
26 42
140 7
194 21
12 137
40 191
15 156
194 52
178 93
156 53
85 142
56 97
162 76
46 18
127 177
109 3
148 13
105 171
137 52
59 192
38 72
117 77
128 158
95 72
156 28
76 180
68 185
127 66
28 61
158 69
71 100
31 185
72 173
176 162
53 67
72 78
189 39
131 128
157 112
54 19
109 182
200 13
198 92
23 55
133 85
104 35
91 128
128 3
128 169
145 95
13 9
151 50
87 19
23 49
143 46
188 128
144 128
38 19
80 128
118 105
83 60
48 185
185 49
36 57
105 14
105 43
189 174
108 112
105 152
185 8
197 182
69 194
16 155
91 133
59 198
75 94
121 57
194 25
186 89
44 128
198 194
69 86
26 105
29 56
197 96
22 108
54 108
2 183
13 164
23 18
199 51
96 62
72 120
49 91
19 120
68 181
182 137
94 57
90 181
2 42
162 72
175 13
156 168
61 156
113 61
32 66
104 71
172 143
8 34
185 116
87 5
42 156
39 104
128 107
93 87
51 88
131 92
189 29
23 125
86 67
166 38
59 131
176 87
71 126
151 23
109 88
92 7
134 34
123 117
195 35
129 133
194 130
106 24
163 66
194 74
59 46
159 149
2 1
13 82
194 154
183 116
35 138
136 149
159 158
105 169
23 96
173 19
113 67
166 173
69 146
91 84
35 7
56 136
48 181
29 40
110 83
139 93
65 89
23 191
56 90
58 178
71 190
15 105
88 128
83 15
38 108
59 102
105 81
197 141
50 83
43 61
178 136
19 23
3 92
137 25
5 23
78 19
75 41
109 199
133 146
19 124
82 19
87 58
194 192
13 36
133 97
95 57
7 149
85 84
81 83
1 116
93 77
92 63
100 39
105 122
54 76
186 46
146 189
24 8
29 51
177 83
136 87
158 142
105 73
131 194
139 22
31 180
23 16
188 105
83 171
91 4
162 64
137 130
198 137
23 184
73 83
42 61
197 115
106 91
57 10
3 59
162 145
167 23
162 57
33 181
64 117
67 15
45 39
155 34
180 1
99 87
67 168
23 12
143 56
74 137
19 36
74 23
130 23
92 75
151 91
107 92
19 148
180 96
168 105
138 108
19 164
72 117
193 29
43 67
177 12
31 54
103 83
71 79
70 91
172 59
83 26
11 64
98 108
46 65
23 136
62 115
96 91
144 133
83 169
122 83
177 74
145 117
29 45
84 46
57 41
32 162
71 30
13 55
182 2
105 61
128 86
83 43
183 176
182 116
10 13
4 169
59 63
153 24
176 182
169 159
13 41
83 118
72 36
26 69
148 72
199 128
128 81
92 89
65 149
55 91
165 128
23 99
67 152
116 24
96 54
60 69
87 140
80 4
197 16
45 174
182 62
115 176
23 176
136 40
35 127
44 92
185 55
39 126
120 166
157 138
96 38
35 179
137 42
76 38
153 23
113 128
91 19
41 19
18 172
160 13
106 50
24 136
109 108
141 62
56 48
19 175
154 137
56 33
13 114
177 130
75 140
180 111
137 21
162 49
109 34
83 152
89 99
108 2
182 49
133 26
151 13
177 135
28 67
122 69
121 13
72 41
143 40
4 113
31 38
174 193
140 89
198 23
42 105
51 146
69 56
122 67
6 16
35 74
8 181
92 88
200 19
1 176
166 148
28 128
55 166
55 85
72 164
187 143
91 153
132 185
34 197
154 23
162 55
83 61
74 66
59 107
133 48
110 128
88 59
23 52
23 21
67 171
83 42
89 161
185 134
121 19
166 124
162 132
175 72
128 15
111 38
55 182
155 185
173 76
98 111
174 104
142 87
110 4
183 49
194 88
139 89
51 158
33 133
45 146
56 17
166 164
13 94
161 46
142 169
7 87
76 148
88 137
166 41
105 28
92 199
91 125
24 134
8 56
177 52
27 172
19 9
66 97
11 72
40 69
11 145
91 136
73 128
22 77
85 106
194 107
83 28
90 133
28 4
119 16
72 58
69 42
174 100
72 9
94 19
98 95
162 163
96 173
39 105
39 147
123 58
127 71
173 31
198 177
166 36
109 111
158 189
122 128
73 4
194 102
33 66
39 127
35 12
181 31
113 83
172 72
91 159
160 19
182 132
174 127
27 56
71 74
69 113
145 58
128 171
181 134
9 166
184 177
97 162
44 59
116 176
99 46
47 109
27 91
178 7
106 146
128 168
1 49
69 73
23 58
19 10
183 55
133 8
69 177
178 22
66 179
177 133
185 151
73 159
59 199
48 66
59 165
58 64
66 129
128 43
128 152
87 189
25 23
91 16
18 56
170 146
165 92
117 109
172 64
153 85
187 69
39 74
2 47
114 35
166 78
66 90
195 71
75 35
2 117
128 53
194 63
33 162
182 151
168 83
6 34
109 95
22 87
14 83
78 76
199 194
24 105
176 47
76 41
16 85
200 72
93 23
166 175
174 101
172 196
158 45
28 159
83 188
21 177
112 87
14 69
68 56
156 128
182 114
22 72
158 133
72 82
25 177
67 156
65 172
164 76
96 148
35 130
67 42
80 83
118 67
24 191
185 114
11 76
190 39
133 68
1 55
20 174
192 137
24 155
124 76
30 39
102 137
146 84
152 69
137 131
175 76
156 4
62 5
166 200
15 4
164 96
142 178
23 88
166 132
35 135
166 82
160 72
6 185
77 89
166 160
68 66
181 155
144 4
96 175
83 71
194 44
7 23
76 82
112 178
71 179
69 118
4 168
156 134
91 191
138 139
132 183
149 138
66 8
83 185
53 105
171 4
66 135
200 76
29 20
121 166
153 146
177 154
3 194
146 193
65 178
27 187
106 158
162 129
96 124
114 149
130 66
35 89
117 176
103 69
174 30
96 41
93 72
187 18
129 95
109 141
31 41
18 91
145 172
114 178
10 166
43 69
191 50
77 125
200 96
106 185
167 177
72 89
159 171
28 69
15 159
23 102
95 32
4 86
194 165
187 155
133 194
193 158
53 83
62 16
149 75
23 192
188 4
31 200
121 72
35 198
81 4
137 47
24 143
80 69
69 110
177 88
149 89
1 38
27 85
2 150
142 73
69 171
200 108
38 115
83 13
143 50
46 149
85 189
71 69
124 31
11 32
43 4
152 4
95 2
2 116
22 64
85 51
146 27
110 133
200 1
29 100
150 176
27 40
156 155
36 76
122 4
1 132
198 66
133 113
9 76
35 184
66 17
166 151
91 7
22 145
55 146
170 158
137 199
10 72
115 49
185 191
142 2
94 166
108 124
117 32
118 128
48 162
138 77
192 177
172 99
56 99
144 159
196 56
49 47
185 70
159 188
9 96
89 64
47 55
152 133
35 46
108 173
34 119
124 1
85 45
44 137
113 159
24 6
89 178
176 108
85 125
61 69
103 142
134 56
34 62
88 35
23 199
131 23
188 69
159 80
69 168
69 81
134 66
176 91
84 172
20 146
176 85
96 36
29 127
185 119
196 187
129 11
162 151
45 87
174 147
111 2
149 172
56 155
111 124
115 180
172 161
55 37
76 117
80 133
31 36
6 156
195 39
158 153
163 95
75 178
153 194
159 168
95 97
64 93
181 6
68 162
18 40
76 160
126 174
31 9
125 64
178 138
149 56
87 89
136 85
133 86
133 81
89 145
69 174
77 112
89 123
111 200
147 29
146 16
76 10
53 69
46 178
8 162
96 82
169 189
76 58
122 133
16 180
111 176
84 158
81 159
22 123
55 115
30 29
67 105
138 64
116 47
28 133
81 153
28 142
66 155
112 64
29 104
87 75
187 6
172 35
146 104
24 119
117 129
144 153
133 134
130 71
121 76
69 15
108 137
191 13
169 69
185 62
102 177
67 69
148 31
40 196
6 66
76 89
2 34
29 126
21 35
1 151
160 96
24 62
133 174
85 49
108 49
185 197
96 121
2 189
65 56
114 87
3 137
153 28
31 121
84 81
24 29
179 39
56 35
106 13
15 133
174 195
180 182
115 124
159 86
118 4
159 110
124 182
130 39
54 111
40 35
23 22
43 159
22 91
175 31
15 142
137 117
59 56
159 60
35 52
182 191
131 177
136 50
11 163
129 89
72 94
8 95
73 133
23 112
187 35
161 56
133 118
158 104
12 66
131 35
119 187
42 128
153 26
142 149
105 128
136 185
87 51
64 109
80 142
148 108
133 155
197 24
76 94
197 187
123 172
178 172
182 38
120 76
109 165
133 71
159 122
95 48
180 24
178 56
165 137
65 40
31 164
35 167
81 142
67 83
110 153
149 189
16 124
2 141
184 66
114 1
195 29
170 87
152 159
195 146
142 171
135 71
58 91
98 64
176 95
138 72
193 87
3 23
153 80
154 35
73 153
96 10
176 146
106 81
94 96
66 131
89 23
133 53
129 58
137 150
33 95
137 111
190 174
31 160
108 121
168 133
49 146
143 185
33 11
173 111
165 23
20 158
49 158
135 39
129 22
71 153
180 141
177 199
95 137
145 93
19 85
35 192
44 23
114 162
1 191
148 111
4 53
63 137
153 177
86 142
51 149
66 167
177 44
10 31
71 184
199 35
180 34
132 115
5 180
159 156
157 109
141 124
22 76
112 91
182 200
133 103
54 1
167 71
49 181
200 115
26 106
85 58
42 4
146 147
192 66
2 64
170 85
96 85
96 78
174 74
24 18
175 108
105 4
113 153
5 91
78 31
96 120
149 40
89 91
1 173
78 108
131 71
91 93
132 47
195 158
21 66
9 108
107 137
29 101
85 112
10 108
70 13
117 163
34 124
128 83
60 142
22 32
153 50
142 110
98 157
60 133
159 42
185 153
162 90
106 80
23 107
112 139
108 164
93 123
153 152
177 165
95 68
112 72
142 186
146 136
66 88
133 67
189 103
89 85
38 34
176 34
189 178
86 189
42 142
66 154
77 98
39 184
61 133
153 174
200 34
87 20
131 39
7 85
87 138
51 103
123 138
83 182
146 19
142 152
174 179
85 191
187 149
122 142
50 105
51 2
146 58
131 174
173 34
87 104
158 16
165 35
94 31
24 124
120 31
111 121
140 46
99 91
23 114
65 187
71 21
111 10
189 110
1 148
42 189
43 133
153 103
56 84
71 154
113 142
137 34
91 114
23 63
165 66
182 106
85 70
83 39
108 116
15 189
32 89
117 49
32 58
123 112
68 11
164 111
163 22
149 170
140 56
35 24
38 16
157 2
133 42
108 36
16 81
189 80
62 187
142 188
40 59
38 141
36 111
68 117
192 71
15 153
5 124
108 94
50 18
