17632
500
89
79
69
86
92
70
92
81
91
56
56
76
10
57
59
94
23
50
34
85
33
44
69
89
69
47
73
17
56
95
75
99
37
69
38
80
70
78
53
12
40
56
79
43
64
23
45
37
91
19
38
98
38
100
52
72
39
23
81
90
87
16
61
52
51
38
55
88
25
11
16
65
40
85
76
41
30
89
21
53
15
70
76
42
78
54
69
41
99
13
61
37
59
92
70
94
88
10
53
13
11
26
56
32
72
28
63
21
78
55
13
83
29
98
11
28
98
61
91
86
84
89
34
20
45
99
38
49
60
98
14
62
51
86
57
30
89
63
61
36
30
78
25
94
38
43
61
15
72
34
85
77
56
55
98
67
72
43
54
70
33
91
72
29
79
50
90
74
30
57
74
41
81
74
90
15
35
21
38
21
27
54
89
60
55
32
59
11
26
48
26
28
97
35
50
34
33
75
23
24
24
93
89
36
95
37
52
55
44
64
14
25
77
51
36
29
96
96
17
91
87
100
11
31
74
75
49
27
22
44
24
16
62
36
22
38
30
71
78
87
25
61
11
81
52
32
35
41
67
57
40
61
61
77
99
96
36
71
83
39
54
56
47
34
12
37
99
37
68
48
48
18
47
69
84
20
96
44
40
32
80
29
33
35
36
20
71
65
71
17
88
38
59
43
44
69
56
97
89
81
55
57
65
30
100
78
99
78
89
38
38
89
18
16
43
40
24
82
36
34
41
78
39
96
20
62
82
42
66
73
67
98
31
64
94
56
13
68
46
40
38
98
96
63
46
45
89
30
23
18
88
24
24
14
68
93
56
36
29
57
82
20
75
43
61
23
43
40
91
96
74
30
75
15
87
96
87
41
66
43
52
56
34
15
59
10
90
98
84
86
10
25
97
27
25
11
14
60
46
55
53
92
82
20
12
46
16
26
86
66
76
48
38
79
93
31
28
22
40
72
66
61
69
62
45
49
27
72
97
23
12
92
21
41
90
49
75
79
75
86
90
69
30
37
57
55
67
71
100
64
50
13
17
74
80
18
91
73
11
15
93
26
70
61
90
38
96
53
50
84
53
76
94
48
26
89
44
45
37
34
76
52
38
86
89
34
31
58
26
80
31
44
47
46
40
98
87
47
22
52
266 2
178 3
322 5
495 8
310 10
219 13
178 15
393 16
489 17
194 18
343 24
34 29
154 30
300 32
459 35
51 36
112 37
81 44
470 45
52 47
9 48
350 49
276 51
224 60
182 63
223 64
344 65
116 67
196 72
388 74
327 77
111 78
34 80
22 83
342 84
348 88
158 89
450 90
110 92
227 95
287 96
160 98
165 99
259 100
399 101
385 102
275 104
498 110
7 112
221 7
46 116
422 118
245 119
458 121
375 124
14 125
360 126
217 129
198 131
480 132
312 133
342 134
323 135
115 136
128 115
391 138
343 140
381 143
180 144
212 145
114 148
105 154
240 105
179 160
394 166
418 169
399 170
341 171
317 177
19 179
97 181
490 97
23 183
43 23
352 43
293 185
123 187
57 123
192 189
289 192
247 193
414 194
446 198
351 199
326 200
242 201
130 207
158 130
149 212
431 215
382 216
197 219
292 197
341 220
289 221
175 222
245 223
184 224
366 225
76 226
229 227
157 228
390 229
46 230
167 46
267 167
191 232
22 191
153 22
321 234
158 235
354 158
353 241
79 246
106 79
444 106
178 247
122 178
137 251
176 137
407 176
164 252
156 258
284 260
62 261
12 62
376 262
254 263
12 254
147 264
26 147
238 266
182 267
34 182
149 268
71 149
411 271
393 273
113 275
152 113
420 152
42 277
173 279
462 280
159 283
184 287
441 289
210 291
383 293
422 296
270 298
421 300
432 301
239 302
337 239
265 303
25 305
107 307
393 107
231 308
443 310
425 311
205 313
6 314
356 6
463 316
292 326
12 292
381 328
41 330
196 331
477 196
21 333
454 21
336 334
430 336
365 337
282 338
117 339
480 341
445 342
86 343
142 86
70 344
320 70
375 346
404 355
499 356
58 359
257 360
366 361
237 364
173 365
151 173
58 367
281 58
81 371
284 81
329 284
26 329
466 372
28 373
103 374
322 103
256 379
202 382
340 202
141 340
306 385
184 306
481 184
493 388
186 389
317 186
39 317
85 39
309 390
419 309
31 392
366 393
440 395
55 398
61 55
19 61
387 19
323 399
269 400
20 401
468 402
269 403
471 269
409 407
442 411
20 413
195 20
497 415
1 416
409 1
214 409
472 418
285 421
213 285
404 213
242 422
174 424
391 174
363 391
82 425
350 82
25 350
265 25
376 265
386 376
93 386
363 93
41 363
203 41
369 203
484 369
352 426
240 352
141 427
155 141
320 155
250 429
240 431
319 240
383 319
242 383
430 242
205 430
59 205
347 432
315 347
445 315
12 434
327 435
357 438
128 357
377 128
420 440
188 420
66 443
11 66
238 11
441 238
127 444
436 127
274 436
85 274
256 85
394 445
488 394
163 446
42 163
408 42
286 408
406 286
157 447
362 157
54 448
73 54
111 449
500 111
165 450
34 451
457 453
188 454
412 188
325 412
175 325
380 175
146 380
463 455
233 456
33 233
14 33
108 14
211 108
28 211
75 457
304 75
465 458
381 460
57 381
195 57
442 195
249 442
53 249
461 53
299 463
162 464
214 162
335 214
68 335
472 68
321 465
370 321
245 370
253 245
190 253
209 190
459 466
244 459
318 244
278 318
151 278
27 151
332 27
272 332
417 272
377 467
441 377
12 441
209 12
164 209
153 469
414 471
270 414
236 472
31 236
109 473
4 474
87 4
384 475
120 384
139 120
281 139
494 281
270 476
180 270
87 477
248 87
208 248
69 208
368 478
312 368
419 312
250 419
404 250
231 404
437 231
28 437
417 28
479 417
493 479
59 480
351 59
168 351
304 168
345 304
237 345
276 237
423 481
428 482
56 483
348 56
410 348
73 484
387 73
122 387
320 122
109 320
378 109
294 378
433 294
349 433
462 349
210 487
375 489
218 490
161 218
204 161
146 491
452 492
366 452
397 366
486 397
297 486
153 297
34 153
91 34
9 91
217 9
217 493
117 217
396 494
69 396
165 69
462 165
488 462
150 488
40 150
156 495
323 156
299 323
50 496
259 50
468 498
159 468
256 159
439 256
358 439
71 358
299 71
40 299
38 40
410 38
461 410
204 461
117 204
146 117
406 146
428 406
26 428
210 26
470 210
362 470
327 499
322 327
257 322
362 257
76 362
375 76
295 375
497 295
31 497
354 31
142 354
290 142
180 290
114 180
243 114
353 243
282 353
276 282
172 276
423 172
259 423
206 259
52 206
485 52
255 485
288 255
324 288
405 324
94 405
164 94
164 500
363 386
107 16
468 110
482 26
173 337
152 275
317 85
336 205
317 389
287 224
218 97
12 263
169 472
137 407
335 162
356 327
142 180
164 190
276 338
484 54
126 257
319 352
231 28
253 223
175 412
95 229
26 406
312 478
404 429
315 394
296 118
151 332
66 238
125 108
279 365
376 363
332 173
215 240
116 230
9 34
151 318
258 495
274 256
154 240
145 149
242 319
240 43
258 8
241 282
305 265
329 81
58 139
380 325
270 144
66 310
269 414
202 216
289 7
299 316
199 59
285 300
296 242
274 379
366 492
470 257
57 20
485 47
113 420
245 321
459 318
59 430
319 43
215 105
189 289
228 447
11 266
150 38
244 278
470 487
350 425
22 232
271 442
164 405
224 96
192 221
102 306
161 490
63 34
58 494
320 473
395 420
192 7
319 293
200 292
405 252
243 241
42 446
408 406
457 304
460 143
19 55
69 248
350 311
384 139
423 50
121 465
274 127
202 141
134 84
71 316
400 403
463 71
39 389
177 39
59 313
375 17
71 439
98 179
248 4
410 40
276 36
59 168
96 184
497 354
63 267
86 354
247 3
385 184
307 393
133 478
17 295
410 150
196 87
112 221
54 369
321 458
242 59
148 180
237 51
463 149
159 498
332 337
299 135
248 477
59 422
423 184
111 164
69 494
334 205
315 432
141 320
156 8
362 487
396 248
303 376
187 57
484 203
479 217
378 433
295 489
206 485
220 480
417 493
470 157
50 184
414 403
236 418
362 45
192 112
211 125
320 178
158 31
304 59
211 14
31 472
388 217
325 222
292 219
203 54
97 161
373 231
407 214
255 324
21 188
230 167
244 151
377 289
236 169
484 41
204 339
404 285
242 205
57 460
267 34
304 453
409 335
416 409
335 1
122 15
47 206
489 76
430 334
343 354
174 363
304 237
86 140
380 406
19 122
315 488
410 53
288 485
145 268
453 75
362 322
195 460
57 442
59 457
62 292
340 382
64 253
359 367
417 217
58 396
245 190
302 337
245 64
449 164
128 136
276 423
441 66
243 180
203 363
237 36
474 248
90 165
223 190
259 52
277 408
339 146
277 286
277 163
13 292
463 268
349 378
470 228
372 459
204 146
312 250
159 439
386 265
30 240
335 416
327 5
194 270
422 430
297 397
257 5
211 231
340 320
467 128
329 44
34 167
491 380
378 462
400 414
178 193
244 372
154 215
198 42
217 34
497 17
45 487
498 92
243 282
242 293
26 264
2 238
85 436
109 349
142 343
489 362
265 363
417 437
486 366
69 477
424 391
242 118
209 223
482 329
464 335
187 20
231 417
31 89
387 484
469 34
298 180
167 29
53 204
145 463
50 100
43 105
112 289
29 267
482 406
419 390
74 217
20 460
357 136
167 116
45 210
139 359
134 445
163 198
78 164
437 211
246 106
57 249
347 301
101 323
363 138
33 456
251 407
92 468
70 65
285 429
20 123
304 51
177 85
447 470
43 293
488 166
395 152
366 273
63 29
307 16
108 437
230 29
9 388
365 239
248 196
285 250
366 297
47 255
332 417
308 437
461 38
302 365
322 374
217 146
109 433
244 466
207 158
50 481
270 18
327 6
34 48
153 397
32 421
128 441
214 464
150 299
139 475
403 270
122 55
394 462
363 484
102 184
314 356
461 117
299 101
373 437
364 345
248 72
135 101
294 109
122 61
107 273
146 161
234 465
211 417
344 320
161 181
65 320
390 227
15 61
153 366
489 497
337 151
34 230
40 488
43 183
403 471
281 359
78 500
323 258
270 471
436 317
430 313
168 199
249 461
455 316
497 375
188 333
491 325
153 83
183 319
221 37
54 363
148 243
14 233
399 258
88 410
423 52
190 370
406 329
134 315
439 498
362 210
309 312
122 155
289 128
220 171
278 459
118 59
298 243
419 368
177 389
158 472
180 86
55 387
34 388
241 148
173 239
274 444
1 214
202 320
257 327
497 86
206 255
13 12
288 47
236 158
294 349
260 81
122 141
436 177
394 378
92 402
386 391
248 494
420 454
208 494
238 289
327 314
324 47
155 427
44 371
204 249
238 128
23 319
104 113
450 462
146 181
372 278
55 15
299 38
240 293
404 419
286 380
39 186
55 484
285 231
209 245
209 370
367 281
202 122
428 329
43 154
265 350
315 301
390 95
310 441
345 51
320 427
323 8
273 16
365 332
329 371
59 132
428 284
141 382
368 133
29 469
305 350
16 366
70 473
153 486
163 131
247 15
223 12
469 297
12 219
308 211
64 190
291 26
110 159
88 38
276 304
469 366
173 302
484 138
122 398
178 55
481 259
83 34
371 284
213 355
445 84
61 178
62 13
209 405
179 122
215 43
40 315
85 379
103 327
415 295
487 26
141 178
479 117
372 318
423 51
376 93
12 261
354 180
442 53
439 468
246 444
34 116
315 150
242 43
58 69
363 303
461 88
436 444
1 464
195 249
163 408
339 161
465 370
491 339
87 474
259 184
487 406
338 304
289 467
13 326
22 34
183 293
231 213
454 152
384 281
246 127
88 150
495 323
103 499
46 34
374 327
204 410
125 437
96 481
91 217
226 362
326 12
226 257
250 309
277 406
482 487
460 442
36 304
246 436
284 26
472 335
101 170
487 329
78 449
121 321
72 477
461 348
476 414
454 333
469 452
140 354
114 290
446 131
395 113
384 359
11 441
78 252
203 330
240 242
162 1
122 427
318 466
376 305
210 264
112 189
104 152
64 209
285 373
204 348
120 281
99 450
147 210
330 363
113 454
56 88
117 491
366 107
421 231
246 274
285 437
299 455
75 51
421 373
362 228
446 277
282 148
294 473
114 241
463 40
72 69
141 473
41 54
248 58
496 100
380 408
64 12
7 37
467 136
400 471
484 391
388 91
150 101
410 56
350 376
9 451
354 89
477 4
234 458
125 233
333 420
388 22
235 236
212 268
380 487
420 21
282 304
412 222
439 274
492 273
121 234
410 483
400 270
52 172
401 123
400 298
349 165
447 362
199 430
438 128
468 256
47 405
349 280
59 336
496 259
31 489
70 109
200 13
396 281
445 488
131 42
357 467
157 487
48 451
142 140
32 285
458 370
76 257
133 419
108 308
54 391
127 106
298 114
388 153
103 356
282 114
433 473
217 48
62 326
39 436
355 231
475 120
29 182
151 365
293 23
82 25
270 114
12 200
481 287
323 170
212 463
189 7
399 8
433 320
439 110
352 105
117 53
439 85
480 171
351 304
245 458
356 322
252 500
429 419
45 26
222 188
106 436
113 333
43 205
369 448
492 16
484 448
326 261
478 419
15 19
443 10
425 25
384 58
363 350
180 400
494 367
244 365
481 224
159 92
356 5
57 328
283 92
348 38
210 157
499 77
99 90
116 29
465 245
309 404
92 439
97 146
215 30
250 231
300 231
452 273
293 205
146 490
421 213
467 438
175 188
219 263
59 75
169 31
360 5
110 283
416 214
282 51
209 321
491 204
188 113
423 304
427 473
484 19
189 377
356 77
389 85
168 430
353 114
73 363
2 11
135 150
66 128
256 498
424 363
61 179
367 139
447 487
321 190
324 485
248 331
289 12
304 243
449 500
151 372
132 118
204 217
285 28
436 389
288 405
132 341
309 478
437 14
416 162
255 52
326 64
499 6
204 38
285 211
142 114
181 204
308 14
105 319
254 219
68 158
251 214
147 291
470 226
135 38
407 1
458 190
381 442
412 380
337 27
146 461
304 148
125 33
21 412
440 113
117 410
498 283
118 430
496 481
422 168
283 468
359 494
12 377
34 191
324 206
30 105
200 62
481 100
232 34
315 84
240 205
161 491
58 208
126 5
138 174
158 169
13 197
480 118
260 329
278 466
29 46
184 100
239 279
94 209
115 467
234 245
111 252
95 419
305 425
12 245
391 73
350 303
219 200
447 226
88 40
497 180
101 8
358 316
361 469
378 280
276 52
391 376
48 388
283 439
272 173
158 335
274 498
64 292
453 59
366 307
181 491
124 497
421 437
407 335
328 442
418 31
71 92
388 83
173 417
439 316
177 186
71 268
305 82
231 32
461 339
125 456
7 377
86 31
277 380
279 337
222 380
32 437
168 118
479 388
375 362
396 359
438 136
132 220
408 446
302 279
166 462
393 492
195 381
447 257
210 482
204 442
281 248
469 167
278 35
31 180
259 47
160 122
405 485
488 410
472 235
262 386
181 490
287 100
388 417
152 333
465 119
241 304
98 122
211 493
251 1
235 31
53 146
18 414
299 358
445 40
288 209
38 101
309 133
147 487
324 52
422 205
430 351
8 170
37 289
341 118
347 40
233 108
202 427
409 251
167 63
405 111
278 365
327 362
257 356
165 248
139 494
416 464
490 204
216 340
77 6
451 388
158 497
423 282
157 45
30 431
309 429
294 462
88 483
477 474
231 429
106 274
216 141
476 471
198 408
31 295
274 468
61 98
391 387
467 441
268 316
48 91
499 322
123 460
300 437
348 53
189 441
462 445
242 168
370 234
167 67
485 209
466 151
168 205
225 16
364 51
363 262
249 381
219 326
243 270
361 452
189 128
320 15
57 413
232 83
47 209
263 434
369 41
479 204
460 401
401 57
65 109
288 206
178 427
415 17
159 402
59 334
496 184
353 148
187 460
199 422
99 462
330 54
226 487
365 466
474 196
491 175
354 290
375 31
158 418
118 220
309 285
417 285
248 359
428 487
197 326
274 389
492 361
284 44
480 430
309 231
345 36
89 497
471 180
56 38
66 289
49 82
264 291
320 294
272 479
332 239
493 204
269 270
428 371
81 428
101 40
353 304
88 204
122 340
254 292
344 109
461 442
483 348
493 91
119 321
292 261
85 186
432 40
322 6
405 206
375 89
409 68
88 299
85 246
136 441
352 154
204 150
68 236
178 19
67 46
419 285
288 52
409 464
188 380
194 269
480 168
418 68
45 447
70 433
279 332
209 206
230 67
66 266
126 327
362 356
401 187
287 50
101 88
324 259
121 370
146 410
491 222
270 290
53 57
480 422
425 265
149 316
76 497
100 96
403 180
15 193
316 145
59 43
221 189
480 242
160 61
26 380
307 273
13 377
105 426
162 409
115 357
376 25
94 111
478 250
432 150
477 396
289 310
431 154
403 194
24 142
276 345
69 196
256 110
323 38
473 202
197 12
190 405
193 122
493 48
342 315
328 249
380 446
89 295
469 388
248 349
123 413
274 177
132 171
37 189
118 199
176 251
96 50
240 201
5 362
274 110
248 139
487 291
323 150
204 56
71 455
309 95
21 175
223 164
320 193
68 407
439 299
64 200
201 319
435 362
320 382
175 420
318 35
195 143
433 141
71 283
320 61
480 205
184 60
417 365
257 103
88 463
101 258
40 204
142 31
41 448
187 413
231 419
458 209
13 64
388 232
448 203
164 64
405 500
430 304
359 120
231 390
66 10
276 259
151 279
445 378
304 259
242 183
351 422
378 473
57 271
180 414
415 375
423 496
164 288
282 345
3 15
131 408
29 67
394 349
85 110
251 335
27 365
295 158
280 294
85 106
153 167
143 57
444 85
410 217
209 324
262 265
423 338
408 146
307 492
101 156
436 186
423 345
500 94
377 136
495 101
71 468
362 103
267 230
397 469
334 242
290 243
424 138
209 255
376 424
210 447
186 274
12 190
352 293
166 445
34 67
188 152
43 168
185 352
313 336
40 301
137 1
493 231
128 7
212 316
15 179
397 388
203 391
172 259
200 254
399 156
240 183
103 6
339 181
373 300
482 291
132 168
231 108
303 305
335 418
406 446
153 48
455 268
140 24
367 248
259 485
60 287
488 38
276 75
429 213
384 248
164 47
193 3
431 105
372 365
265 311
64 219
223 13
195 187
45 482
261 13
455 88
259 96
107 492
169 68
209 465
416 407
183 352
244 35
319 154
487 264
5 103
2 66
481 60
399 38
113 21
493 74
466 35
327 76
387 54
395 275
53 328
231 14
146 442
361 273
212 71
227 419
476 180
209 119
349 445
363 305
127 85
480 43
467 189
394 40
231 478
166 349
154 293
192 37
231 95
412 491
16 452
87 72
71 498
173 466
106 186
87 69
250 213
301 150
88 488
257 489
314 322
335 137
191 83
411 57
237 75
165 280
407 418
169 497
395 454
298 290
396 139
198 277
96 60
59 293
107 452
327 489
128 112
438 377
380 21
359 69
419 213
380 420
345 241
493 9
14 456
188 491
219 62
84 488
422 304
180 269
439 127
318 365
19 98
162 407
421 419
373 417
350 386
173 278
108 456
248 120
459 365
277 131
392 236
479 9
433 280
356 489
146 218
467 12
372 35
38 170
77 103
95 478
103 489
168 220
131 406
329 45
165 294
26 447
184 172
88 316
211 233
371 26
300 28
454 380
479 146
309 213
437 233
70 294
211 456
154 426
34 493
415 489
230 469
40 462
258 170
106 389
220 59
15 98
173 372
194 471
289 10
146 129
50 172
488 204
274 39
273 469
141 294
259 255
384 396
299 498
401 195
68 1
32 419
71 145
166 378
126 322
204 315
209 500
365 272
69 331
308 285
423 100
143 401
122 382
50 60
269 476
405 78
348 117
419 300
55 391
55 54
5 435
469 67
436 79
49 425
152 21
268 299
309 227
486 469
195 123
122 247
133 250
90 462
365 35
272 388
415 31
488 349
244 173
107 361
231 227
341 59
491 21
319 205
31 68
123 143
455 212
45 406
5 6
89 489
440 152
201 205
104 395
