20719
500
67
88
99
57
42
85
30
29
86
49
24
66
92
91
59
81
56
11
92
25
91
13
55
10
67
91
75
12
36
13
23
49
21
58
69
78
15
48
52
21
10
90
98
34
62
84
22
77
70
98
92
53
90
55
58
76
18
57
33
100
44
75
17
59
71
97
23
36
49
34
96
41
31
63
26
44
88
39
62
31
75
76
30
27
21
84
19
47
27
27
96
92
28
36
68
55
57
58
53
60
45
50
94
36
37
33
20
54
60
61
31
78
10
13
64
26
86
17
42
36
66
94
60
27
17
32
64
10
14
57
66
99
86
15
21
18
65
16
18
71
38
17
54
87
53
92
93
31
21
78
81
63
41
81
41
23
41
78
90
95
65
40
89
50
21
48
68
93
64
96
12
11
34
25
55
92
43
16
16
97
44
43
84
63
33
11
49
38
82
49
24
77
10
62
26
33
78
46
73
79
27
18
49
30
69
98
91
67
19
29
17
21
28
49
44
56
55
55
59
10
63
22
99
14
38
10
10
83
12
69
54
52
44
40
17
79
24
91
88
22
34
70
49
36
68
27
56
58
67
44
46
56
71
20
95
34
67
83
78
45
59
70
88
21
43
25
81
60
14
72
77
64
54
83
36
34
85
44
62
22
28
68
81
71
27
41
36
57
56
51
50
82
37
80
13
34
48
99
48
63
56
12
94
43
47
88
13
62
55
52
38
30
49
38
58
74
18
91
55
24
55
13
21
61
42
99
52
28
76
52
21
92
45
62
41
81
26
37
31
40
22
44
74
15
25
78
24
31
99
37
44
20
37
14
67
40
69
22
23
41
71
100
97
45
47
60
71
61
77
37
86
38
98
22
90
24
18
53
79
71
20
47
90
81
54
84
79
46
41
69
92
58
88
35
28
62
50
37
42
81
70
29
96
68
29
78
38
61
36
93
56
24
17
16
30
14
80
44
77
49
43
58
95
70
72
32
32
22
83
10
95
25
78
64
86
31
66
31
88
76
92
32
55
89
94
53
47
68
45
97
58
59
52
91
42
64
42
30
40
78
65
97
83
68
44
21
31
79
66
71
65
18
96
86
85
48
75
82
59
85
28
10
81
62
24
77
46
67
76
93
36
73
94
61
14
10
66
25
60
56
416 2
22 8
296 9
179 12
167 17
306 24
351 28
270 31
314 32
69 34
111 35
93 42
340 43
457 44
454 47
272 50
37 52
139 53
384 54
470 59
300 62
175 64
390 67
147 68
147 71
74 79
196 80
66 81
182 82
207 84
452 88
207 89
166 90
184 96
74 97
364 99
222 103
358 111
216 114
237 117
286 118
311 119
475 121
41 123
136 41
69 124
109 125
281 128
331 132
279 133
455 134
279 141
283 144
299 149
469 156
223 159
38 160
482 38
4 162
390 4
242 168
228 179
272 182
470 183
362 185
174 189
66 190
337 192
262 193
423 194
442 198
11 200
154 205
175 154
20 175
309 206
40 209
259 40
173 214
155 173
184 155
215 184
25 219
143 25
131 143
188 131
19 220
396 222
297 227
489 228
224 229
221 233
14 234
296 14
263 236
113 238
230 239
217 241
311 217
352 242
61 249
230 61
60 230
108 60
324 250
213 252
87 254
165 256
355 257
262 259
269 262
291 263
270 266
223 269
349 223
325 270
420 271
336 272
195 275
18 195
171 18
127 280
428 282
384 283
30 284
391 30
484 285
57 286
191 57
215 191
16 215
142 287
101 288
495 294
427 295
167 298
352 301
39 303
265 39
51 265
389 304
396 305
95 307
268 308
78 268
95 313
429 314
109 315
22 317
218 319
208 321
92 322
240 92
279 240
446 323
237 327
343 237
324 328
5 324
169 5
3 329
495 3
449 331
105 332
202 334
273 202
449 335
211 338
448 211
70 339
281 342
49 281
55 49
391 55
279 343
248 279
452 344
177 345
326 177
108 350
147 108
258 354
122 258
232 355
75 358
65 75
496 65
297 359
7 297
416 360
261 361
126 362
127 363
145 127
475 145
21 365
372 21
151 368
204 369
171 204
36 171
341 370
27 372
325 27
397 325
36 373
218 374
290 218
428 376
104 378
176 104
406 380
16 388
188 16
348 391
267 396
453 399
201 400
277 401
72 402
109 72
320 109
442 320
379 404
474 405
337 406
450 409
415 410
493 411
408 412
273 420
475 273
340 421
390 340
248 423
353 424
430 427
138 428
397 429
146 397
207 146
382 431
174 382
248 174
231 248
213 231
337 433
58 337
83 58
106 434
394 106
29 394
255 29
186 255
10 186
398 10
140 398
277 140
432 277
245 436
457 245
300 437
389 300
375 389
203 375
366 203
176 439
153 440
366 153
226 441
351 226
367 351
180 367
377 180
37 377
448 37
46 442
349 444
356 349
45 356
347 45
253 347
1 253
151 447
247 151
137 247
435 137
129 435
101 448
426 101
460 426
148 450
172 451
48 452
311 48
130 311
36 453
430 36
470 430
63 455
261 63
26 261
386 456
208 386
235 208
459 457
432 459
387 432
416 387
78 416
176 78
346 176
126 346
419 126
306 419
172 306
85 172
107 460
235 107
6 235
196 6
113 196
157 113
212 157
384 461
276 384
246 464
232 246
326 465
129 326
296 129
348 296
348 466
458 348
366 458
66 366
291 467
1 291
83 1
243 468
414 243
299 469
199 299
13 199
463 13
115 463
371 115
181 371
11 181
120 11
310 470
290 310
76 290
483 76
364 471
116 364
496 116
33 472
493 33
333 473
341 333
278 341
85 278
498 85
19 474
383 19
23 475
293 23
170 293
51 170
169 51
390 169
152 390
392 478
276 392
497 276
489 479
289 483
302 289
260 302
164 260
73 164
136 73
264 136
292 264
94 484
381 94
251 381
403 251
167 403
480 167
15 480
443 15
66 443
86 66
383 485
161 383
56 161
221 56
379 221
130 379
224 486
417 224
244 417
100 244
232 100
454 232
150 454
201 487
110 201
70 110
163 488
312 163
22 312
122 22
225 489
102 225
408 490
148 408
274 148
120 274
385 120
216 385
93 216
395 93
77 395
413 77
482 491
87 492
130 87
138 130
142 138
135 142
105 135
446 105
309 446
165 493
197 165
482 197
393 482
86 393
213 86
147 213
316 494
70 316
139 70
150 139
353 495
7 353
188 7
267 496
449 267
69 449
418 497
26 418
445 26
357 445
188 357
413 188
122 413
210 122
407 210
309 407
178 309
330 178
152 330
20 499
481 20
415 481
91 415
422 91
158 422
336 158
318 336
74 318
152 74
414 152
212 414
476 212
207 476
69 207
83 69
187 83
147 187
102 147
462 102
292 462
95 292
166 95
46 166
352 46
425 352
438 425
477 438
498 477
112 498
150 112
98 150
98 500
290 483
348 30
497 26
3 353
54 461
187 1
120 216
454 98
496 75
95 90
110 400
107 426
135 332
160 482
429 32
244 232
312 488
212 113
20 415
18 36
266 325
213 66
358 65
176 378
207 212
215 188
351 441
352 168
13 299
57 215
277 459
476 414
496 449
336 182
117 343
437 389
426 288
18 373
216 11
403 381
475 127
284 348
83 147
170 23
132 449
352 438
356 347
404 221
273 271
103 396
41 73
493 256
91 158
155 214
337 380
493 472
257 232
427 36
215 286
224 244
39 51
101 107
311 452
200 120
366 440
107 288
448 52
186 398
194 248
330 309
40 262
436 457
208 456
102 292
191 188
357 26
445 418
109 402
342 128
43 421
46 95
371 11
150 232
147 60
457 432
395 413
83 449
341 85
479 225
130 142
118 215
369 171
170 39
346 362
277 457
393 66
125 72
156 299
454 500
133 141
270 397
13 115
349 347
306 126
128 49
277 398
372 365
268 416
470 290
256 411
251 167
483 302
411 33
29 186
167 15
83 60
498 150
111 65
122 354
166 442
407 122
243 212
196 235
276 418
5 390
335 267
479 228
223 444
221 161
26 63
134 63
35 65
428 130
148 490
93 413
116 471
409 148
158 272
362 419
407 178
431 174
36 195
486 244
144 384
397 266
239 60
448 377
223 262
139 316
424 7
51 303
352 95
42 413
161 233
239 108
359 7
198 320
170 265
120 114
339 110
326 345
482 165
92 279
269 444
497 63
55 348
334 273
85 112
116 99
409 408
229 244
155 96
109 442
262 209
462 147
80 113
126 176
51 390
234 296
428 142
441 367
76 302
358 35
276 26
89 146
424 3
69 212
99 471
25 131
302 290
225 462
335 396
377 367
191 357
363 280
274 490
393 213
122 309
215 7
29 106
143 219
293 39
302 164
269 349
152 476
404 130
389 203
33 256
263 1
357 418
395 122
83 337
416 308
320 315
319 374
427 470
170 475
12 228
279 174
7 227
435 326
51 5
74 336
288 460
96 215
48 88
273 121
49 348
306 85
198 46
179 479
403 298
311 88
110 487
408 450
197 491
19 405
443 366
270 27
91 336
463 199
359 227
178 152
348 281
55 30
368 447
71 462
437 375
366 348
65 449
1 236
380 83
253 236
342 49
374 290
176 416
384 418
197 38
6 107
426 235
269 40
232 464
399 36
36 275
29 10
240 322
241 311
418 144
31 266
467 263
490 450
105 309
452 119
211 37
215 227
446 407
150 85
268 360
194 231
264 102
17 15
63 361
144 276
51 293
86 482
309 332
36 470
112 454
219 131
144 54
115 11
482 213
361 26
434 394
169 324
390 178
248 240
393 366
418 191
418 392
216 413
482 147
215 131
225 147
205 175
173 96
281 458
51 4
177 129
131 413
497 384
214 96
42 395
381 484
328 250
37 338
388 188
27 365
309 152
278 370
462 489
194 279
163 22
390 265
408 274
3 294
277 387
147 86
93 11
230 108
385 114
448 338
3 7
431 279
165 411
197 160
126 378
454 100
418 478
449 75
400 487
206 332
487 70
57 118
277 416
89 84
472 411
485 161
235 321
236 347
292 313
294 353
353 188
130 492
393 147
280 145
74 390
413 219
286 96
375 300
435 247
195 171
43 390
415 499
470 483
405 220
61 239
398 29
46 320
499 481
482 411
496 471
40 223
55 284
291 83
491 393
73 260
462 313
85 477
473 341
303 265
450 274
176 362
22 258
104 78
383 474
26 455
120 181
390 421
435 296
381 167
13 11
331 75
430 453
370 333
38 165
77 93
397 31
48 344
250 169
161 474
82 336
484 251
339 139
82 272
229 417
291 236
235 386
65 331
176 185
418 188
72 442
172 24
91 272
455 261
361 455
356 269
412 148
86 81
201 70
433 58
245 277
398 106
333 278
460 101
417 486
326 296
367 226
354 413
78 378
375 62
221 130
10 255
126 185
22 354
85 438
239 350
36 204
420 334
281 366
113 235
449 396
208 107
215 297
484 167
259 223
216 42
346 378
130 241
406 83
360 308
290 289
11 385
442 402
286 191
449 471
327 343
85 333
27 21
319 290
331 358
15 366
247 368
230 350
1 467
70 150
51 324
445 497
215 359
73 123
395 188
53 339
142 105
78 277
354 210
432 140
476 330
117 327
149 13
454 244
237 279
489 102
203 437
125 442
85 139
158 415
197 393
31 325
221 142
365 270
474 220
387 2
367 28
184 173
180 448
397 32
424 188
23 39
391 49
348 129
26 384
165 160
109 198
62 437
53 70
70 494
301 425
171 275
281 55
277 436
479 12
108 61
85 419
314 397
438 46
309 210
469 149
184 214
170 121
102 313
164 483
343 174
299 463
373 171
412 274
142 376
386 321
411 38
454 417
247 447
393 443
105 287
157 69
322 279
377 101
475 39
113 69
135 376
143 413
231 423
13 469
407 354
2 277
257 244
119 130
483 260
85 370
103 267
199 469
198 125
44 245
66 482
372 270
453 427
289 260
336 97
499 410
347 1
213 248
486 229
351 377
235 157
317 354
444 356
403 484
307 352
149 156
356 236
413 25
185 419
232 98
447 435
331 35
199 115
179 489
152 97
195 373
209 259
288 235
38 256
352 166
215 424
73 483
270 21
356 223
403 94
162 390
116 449
318 97
120 148
473 370
60 350
7 191
334 475
364 449
300 203
419 176
394 398
396 496
79 97
435 151
134 261
192 433
420 202
72 198
263 347
399 430
454 85
152 318
191 118
130 254
304 203
254 492
119 221
426 377
169 328
144 461
454 172
184 286
291 347
178 476
476 309
383 220
184 57
394 186
278 454
394 140
285 167
70 400
150 339
496 331
259 193
313 225
34 113
179 225
64 20
88 344
292 136
435 177
500 232
234 129
294 7
370 454
466 391
123 136
1 406
317 258
270 429
20 205
477 425
80 235
366 167
136 102
463 469
119 379
309 354
236 467
83 462
105 206
447 326
276 445
415 175
388 215
42 122
467 347
341 454
46 425
32 270
209 193
176 268
184 118
170 303
377 52
309 323
500 244
292 225
318 390
458 296
266 429
431 141
236 349
148 114
63 276
193 40
249 230
234 435
84 212
136 260
81 393
356 262
151 137
489 147
203 62
470 302
288 208
239 249
334 271
488 22
423 213
420 475
348 128
156 13
180 52
296 447
426 208
437 366
147 66
495 7
405 383
260 290
429 31
377 288
410 20
55 458
426 448
496 358
302 73
104 126
389 62
133 431
134 26
188 42
272 422
321 456
101 180
38 491
463 11
15 66
418 54
194 213
434 398
53 150
357 497
178 122
89 212
196 107
167 94
446 354
66 167
131 16
50 182
296 151
217 130
58 69
220 161
99 449
314 146
363 145
124 449
40 356
413 309
55 296
117 279
8 317
221 311
40 444
90 292
310 319
316 53
212 146
267 222
310 483
58 157
245 459
310 218
84 146
371 120
482 225
431 343
59 427
344 311
233 56
129 14
482 248
419 439
74 82
147 1
176 360
90 352
271 475
415 336
51 250
461 283
430 59
152 122
354 105
385 93
442 95
369 36
107 377
70 85
478 276
159 269
480 66
406 147
64 415
497 455
196 288
428 135
146 69
236 444
119 56
178 340
186 140
210 413
360 78
167 443
407 105
85 451
195 399
142 282
449 305
317 122
84 397
105 428
37 180
424 191
321 288
146 32
69 89
212 235
87 142
377 460
46 90
234 326
199 149
418 461
391 284
441 28
352 477
369 195
295 59
99 496
292 147
188 497
401 245
389 366
350 147
476 243
410 91
381 17
128 55
413 215
235 456
86 68
69 476
113 6
331 111
169 4
73 290
443 147
432 245
425 90
353 215
348 435
34 238
384 392
156 199
288 386
309 414
329 424
185 439
136 313
148 385
149 463
453 195
80 6
39 390
44 277
413 11
397 212
456 288
255 398
457 140
90 442
182 74
426 321
101 235
120 412
350 61
20 91
248 92
489 12
126 439
213 81
285 381
498 438
279 189
335 496
311 142
28 377
387 459
102 479
81 190
477 46
357 215
291 147
147 230
131 388
223 236
462 482
226 28
7 329
101 37
156 463
460 235
128 391
294 424
303 390
23 145
143 188
252 81
216 148
344 119
424 131
212 309
152 169
60 291
449 103
235 377
279 231
405 161
195 430
319 470
397 27
426 180
167 458
121 420
482 292
443 203
359 353
17 366
312 8
388 424
267 124
79 152
353 297
170 273
85 24
397 365
481 410
279 327
225 83
277 360
216 274
337 147
163 8
101 367
244 98
374 310
458 128
28 180
350 249
385 200
32 31
131 395
380 147
455 276
470 453
14 435
222 449
29 140
52 101
212 152
336 152
285 17
244 464
50 336
336 20
393 190
6 288
22 210
120 115
238 69
475 202
144 26
425 85
271 121
218 470
449 358
426 52
94 298
142 254
346 104
184 191
276 357
292 442
120 463
96 191
119 404
372 397
251 94
163 317
494 139
215 418
497 144
102 179
314 270
463 385
234 177
448 288
188 26
82 50
421 178
276 461
441 377
456 426
391 281
447 129
137 447
121 334
7 118
404 56
477 301
306 439
431 237
188 297
90 320
1 380
86 252
424 418
328 51
198 402
79 336
220 233
420 170
458 391
166 292
157 207
153 393
482 256
233 383
43 178
313 264
229 454
483 319
430 295
332 428
224 454
202 121
384 478
277 394
455 418
136 95
129 458
62 366
270 146
275 369
123 260
230 83
115 181
212 468
84 69
19 161
53 494
425 242
362 104
58 192
422 336
396 331
273 39
224 232
106 140
291 349
387 457
202 170
348 342
69 267
346 419
101 338
390 309
78 2
404 233
178 318
444 347
98 464
448 460
119 88
319 427
11 199
309 207
112 232
75 35
364 496
486 454
29 277
169 162
57 7
102 83
414 468
401 457
347 147
345 435
324 390
315 442
466 55
390 170
493 38
374 470
13 120
236 269
158 182
485 405
119 48
322 248
187 406
287 428
102 12
64 91
83 108
8 488
397 89
81 482
140 459
380 462
257 464
25 188
212 178
334 170
46 292
266 27
26 478
352 292
58 113
461 26
427 195
147 58
264 462
233 119
206 354
5 250
178 354
403 285
261 497
197 66
485 220
306 185
395 216
302 310
170 145
489 71
29 432
290 427
20 154
244 355
405 233
368 435
60 61
427 171
129 345
140 245
2 459
328 5
256 197
99 396
335 222
291 230
147 61
15 393
372 325
135 309
38 393
284 128
288 113
223 347
326 151
119 142
180 441
140 434
271 202
107 448
268 277
194 240
101 196
406 462
321 107
69 397
466 284
310 76
108 249
318 79
147 433
161 119
446 210
313 166
219 188
443 389
477 90
91 182
272 74
300 366
482 252
333 454
40 349
347 269
323 105
302 123
404 142
279 382
120 408
222 496
497 134
19 233
490 409
221 452
282 138
304 62
409 274
497 191
464 500
69 309
210 258
207 397
180 460
251 285
356 259
464 355
394 255
77 42
432 436
354 8
385 13
130 282
125 402
459 436
438 90
195 470
46 109
425 498
264 41
367 460
280 475
123 483
130 287
334 39
436 401
256 160
400 339
78 126
262 159
221 19
309 243
11 469
490 120
351 180
180 338
57 424
50 91
401 432
221 220
429 325
39 202
462 136
56 19
234 345
150 278
416 104
135 206
232 229
313 352
317 312
279 213
407 323
489 292
84 157
41 462
85 46
292 83
210 317
137 296
385 115
308 176
106 186
90 301
361 134
111 75
147 467
93 122
339 494
10 394
107 456
397 476
379 56
386 107
354 135
424 297
482 493
325 32
74 50
440 393
426 37
377 338
249 60
291 444
62 443
184 7
140 436
222 331
369 18
112 425
319 302
49 458
130 105
251 298
425 168
255 106
157 238
454 473
50 79
90 109
77 216
140 401
427 302
482 68
17 251
286 173
473 278
253 291
377 226
249 147
199 385
201 339
13 200
19 485
167 203
21 397
161 404
79 82
339 316
41 260
64 154
145 39
31 314
147 239
102 228
366 375
465 296
85 232
122 77
157 34
78 387
176 306
496 35
316 150
234 348
463 181
324 4
52 338
146 157
214 286
291 108
113 107
27 429
465 9
35 449
306 454
322 194
436 44
494 150
221 88
244 150
288 212
20 158
427 399
343 248
54 276
317 488
388 418
11 77
130 88
223 209
199 120
252 393
8 122
427 483
430 319
181 385
86 197
19 119
115 200
319 59
38 33
136 352
177 296
253 444
326 9
91 82
166 477
83 249
255 140
459 416
25 215
195 59
491 86
197 411
114 11
468 309
216 408
404 428
31 146
418 7
32 84
160 411
235 448
44 140
306 362
15 285
339 85
41 483
260 310
463 371
497 361
147 236
77 188
494 85
326 137
155 286
232 498
177 348
272 79
396 132
226 180
170 280
189 431
41 313
170 127
150 201
468 476
354 93
107 80
354 488
194 92
430 290
5 4
98 257
227 353
478 144
465 151
76 319
183 319
225 228
11 156
221 405
55 342
363 475
500 100
73 264
328 4
365 325
272 97
38 86
283 276
69 32
495 424
45 223
294 329
296 247
392 26
335 103
144 392
407 135
33 482
324 39
357 144
225 12
85 362
233 474
29 434
307 292
368 296
136 166
132 496
159 356
200 216
64 205
221 474
95 102
212 32
150 425
4 39
116 396
173 191
257 246
181 199
362 378
333 150
41 102
147 179
103 496
233 485
215 395
449 111
141 382
480 443
277 176
118 96
405 119
91 499
215 294
239 83
337 1
227 188
277 186
78 459
363 170
350 83
305 267
339 487
84 314
91 74
232 417
331 103
211 377
362 172
140 10
7 388
386 426
216 13
169 39
396 471
94 285
44 401
17 403
399 470
221 344
85 201
191 155
1 444
157 288
290 164
122 488
1 230
479 147
266 372
477 242
45 236
326 247
463 200
58 212
182 415
291 356
387 360
5 152
74 169
275 427
150 438
292 213
287 282
97 50
222 471
341 172
424 25
342 458
471 331
98 355
336 390
261 276
231 322
447 465
460 52
498 454
57 96
374 302
55 129
454 362
419 378
419 104
271 170
370 172
185 104
39 5
300 443
147 12
317 413
283 26
218 302
113 207
293 390
105 210
296 281
266 365
162 324
371 199
91 481
215 42
21 266
88 142
194 174
13 114
427 369
396 65
164 310
306 104
78 308
197 147
235 180
122 188
310 73
37 460
276 134
399 171
210 323
192 147
231 92
289 164
97 82
140 387
120 409
61 83
443 375
210 8
80 288
158 74
141 174
170 5
166 109
396 75
315 198
316 85
491 66
188 276
7 286
195 204
103 471
118 173
132 471
66 440
66 458
393 256
240 231
471 335
379 161
64 499
211 101
15 147
412 216
220 119
277 308
304 375
64 410
232 425
443 482
153 66
85 473
146 429
451 24
481 64
484 298
131 418
74 178
366 55
87 428
38 66
35 396
232 438
231 482
232 486
474 485
78 419
139 232
112 278
216 122
94 17
457 2
153 443
459 360
344 130
385 413
293 475
177 55
57 173
482 190
336 410
291 187
2 140
15 94
11 122
412 490
246 355
378 306
104 85
132 65
123 264
433 83
96 7
284 49
396 364
207 32
354 11
231 174
457 416
39 328
44 432
47 486
99 331
305 124
287 138
122 446
291 223
378 85
136 483
246 244
85 487
467 444
279 482
483 374
30 49
418 261
85 244
79 182
304 366
354 312
385 371
78 346
207 178
423 279
137 465
387 245
66 55
373 369
45 444
293 265
454 419
169 318
221 485
335 331
217 344
477 168
51 475
13 371
276 191
222 99
327 431
84 270
467 356
393 160
225 380
206 428
162 39
218 183
137 368
122 215
276 361
65 471
131 7
83 157
85 400
197 68
83 113
150 370
440 443
322 423
390 79
482 194
460 338
39 363
373 275
151 129
491 160
83 192
39 271
166 438
460 211
477 232
300 304
150 341
380 102
431 117
102 406
379 233
249 291
250 4
191 26
388 353
194 393
79 67
100 98
370 306
374 73
413 407
115 216
332 142
369 399
445 188
318 82
298 285
472 482
14 177
210 11
462 73
325 314
295 319
234 55
211 180
200 199
256 472
496 111
11 42
376 332
81 147
130 56
473 172
49 366
174 240
282 87
191 214
437 304
13 181
409 412
465 435
271 23
220 56
215 77
56 405
86 443
482 423
142 344
129 281
72 315
460 28
118 214
475 390
229 150
277 106
236 40
152 243
281 284
492 142
122 105
424 413
202 23
318 272
320 72
177 458
147 228
465 247
25 418
82 152
11 148
366 296
73 470
167 300
424 286
390 476
466 30
133 174
470 76
351 460
392 461
47 229
58 288
109 292
318 50
320 402
138 105
434 186
292 477
159 40
244 112
474 119
33 165
271 293
320 125
19 379
494 232
72 46
436 387
431 248
155 118
66 292
58 235
98 85
302 41
131 353
65 103
235 69
467 253
15 251
305 69
472 165
11 395
483 264
287 332
275 204
443 304
500 257
257 100
147 190
206 142
308 387
408 11
126 85
69 396
122 385
167 375
188 11
177 447
193 223
122 312
255 434
9 447
462 213
241 344
390 82
355 500
173 7
362 24
472 38
52 211
318 309
39 280
130 332
199 216
425 454
418 283
349 159
136 90
456 460
360 104
191 144
429 84
163 354
429 365
381 298
395 424
443 17
204 373
102 1
387 268
150 487
318 340
108 1
399 59
156 385
188 359
195 319
123 310
431 194
322 174
436 2
242 301
306 341
261 384
178 69
162 51
410 175
178 397
366 128
57 155
308 459
433 1
287 135
33 197
476 146
491 256
430 369
183 374
274 11
448 196
185 378
252 147
226 460
392 54
235 238
166 425
292 81
161 130
443 251
130 233
211 426
183 310
322 213
7 155
309 428
120 450
21 325
317 11
306 451
246 500
88 241
61 291
329 353
268 459
404 282
211 235
464 100
30 281
119 485
11 412
275 399
417 47
339 232
415 154
496 305
412 450
252 66
360 126
136 302
422 182
423 174
330 212
264 225
167 62
422 74
477 150
167 304
232 316
313 90
83 235
173 215
47 244
415 205
9 137
475 265
182 20
435 9
305 222
248 327
85 185
102 166
482 322
463 216
124 396
125 46
338 367
258 8
232 70
453 369
158 82
450 11
174 92
491 147
210 312
322 431
176 387
308 104
220 379
395 385
292 86
374 76
393 165
87 138
404 19
82 20
483 430
124 222
405 379
414 330
428 254
373 399
275 453
492 428
437 443
125 315
459 401
1 249
453 171
40 347
102 352
226 338
275 430
290 183
393 279
2 432
102 307
204 399
346 185
88 217
26 54
409 11
491 68
353 16
150 473
458 284
112 477
235 449
115 114
366 251
114 122
272 20
201 494
431 231
66 281
50 158
222 69
372 429
85 90
427 374
477 95
41 310
215 497
178 413
295 470
291 239
192 157
164 41
166 301
56 485
494 487
73 102
302 430
366 391
18 204
427 310
11 149
438 494
427 204
368 326
252 292
123 164
150 400
172 150
145 202
450 216
376 206
147 264
402 46
475 303
224 47
137 129
189 248
138 332
281 177
282 119
462 352
439 104
460 321
112 229
182 97
429 21
138 492
201 316
155 215
164 470
45 269
275 470
103 99
296 345
410 158
99 335
487 316
326 348
59 453
494 400
366 284
121 39
83 489
198 90
158 481
152 50
211 107
53 85
327 174
424 77
79 158
211 288
497 461
392 497
55 326
184 424
17 484
201 53
86 256
187 230
50 422
202 293
443 285
194 252
494 110
103 305
302 264
477 454
13 148
56 474
216 156
1 58
448 6
438 292
306 473
423 431
385 354
69 496
207 152
315 46
31 84
474 379
67 74
232 47
454 24
208 460
47 112
292 393
340 74
191 384
393 231
262 349
458 30
44 459
170 4
209 356
446 413
343 141
477 442
18 275
221 48
228 83
49 296
98 246
431 482
415 272
358 396
460 441
129 366
281 234
102 187
202 51
147 253
185 78
208 377
318 182
465 129
462 123
147 263
309 317
331 267
214 7
14 326
498 244
423 240
113 146
215 214
88 404
116 331
235 207
82 415
490 11
211 196
30 366
436 416
410 182
289 73
341 24
404 474
57 214
18 399
11 299
386 460
264 260
127 39
9 247
315 402
69 288
98 498
91 79
267 471
426 196
178 146
50 415
443 94
31 212
321 377
79 422
356 253
356 193
428 119
329 215
127 202
277 434
65 99
415 79
220 404
498 229
79 178
114 463
168 301
349 467
21 31
100 355
221 383
332 282
400 316
172 419
132 35
393 167
404 405
327 141
92 423
129 247
32 21
143 215
390 202
66 17
146 325
172 278
19 130
110 150
416 126
10 434
292 443
2 245
163 122
136 164
332 119
328 390
278 425
155 424
468 152
90 315
104 268
440 167
490 216
172 333
291 102
451 341
85 110
349 253
145 271
287 119
106 10
343 231
1 60
6 426
93 188
423 189
312 309
212 429
347 159
215 93
311 404
122 318
263 102
218 427
31 372
40 45
114 200
306 346
323 122
152 69
342 391
167 389
202 363
207 31
183 427
131 294
136 307
128 296
418 184
456 377
2 44
150 306
147 157
366 466
33 160
419 360
2 308
354 323
332 354
406 291
276 215
237 174
216 371
311 161
185 360
41 290
470 41
192 1
104 387
352 442
161 88
56 88
244 425
130 220
478 497
447 14
305 335
206 407
30 128
216 181
301 46
302 295
151 177
213 431
97 91
186 432
296 66
3 215
91 318
84 178
186 387
29 387
451 454
406 192
320 166
474 130
82 410
113 147
481 175
428 311
90 402
440 203
282 105
284 296
354 216
385 299
84 325
444 147
136 477
461 478
85 176
82 178
164 264
346 439
175 91
138 135
218 483
346 85
384 455
88 220
424 173
245 416
90 232
308 245
130 48
444 159
168 166
80 426
95 109
154 91
428 354
291 40
366 147
250 390
362 451
188 144
407 332
69 103
221 217
141 248
320 95
7 497
164 374
35 471
262 444
176 459
106 432
309 8
122 115
227 424
212 390
7 357
278 244
342 30
263 253
310 264
53 487
207 429
333 306
371 200
277 10
85 352
87 287
49 129
21 84
157 337
126 308
95 315
152 324
387 126
102 230
426 113
152 250
92 431
315 166
102 90
427 18
114 371
211 208
241 221
335 69
47 498
102 249
31 27
41 289
412 114
55 435
124 335
10 432
481 336
253 102
252 231
171 430
110 316
158 318
393 33
457 308
313 307
425 172
443 197
393 322
310 136
201 139
194 189
95 402
80 157
112 172
37 367
103 35
400 53
293 4
403 443
418 63
81 462
418 361
335 116
261 392
448 80
262 347
470 369
412 385
82 67
69 331
219 215
373 427
482 83
200 181
172 346
11 309
387 44
157 397
332 87
203 393
271 127
335 364
115 156
17 298
64 158
9 151
389 440
226 101
341 362
152 51
192 380
206 138
259 347
123 290
149 385
425 292
104 277
377 196
302 59
370 24
86 160
160 493
99 267
74 421
284 342
146 21
9 129
431 240
386 377
443 484
424 42
374 41
393 17
317 216
90 307
318 415
122 463
290 136
218 41
410 272
119 383
432 394
419 308
177 9
433 406
350 291
83 12
66 462
278 498
325 207
155 418
156 371
156 200
212 80
154 410
162 328
305 331
196 157
374 136
43 74
387 401
491 165
200 149
429 69
48 217
380 187
407 428
124 103
371 149
443 381
130 405
327 133
255 277
169 79
451 370
299 371
381 15
73 218
283 478
453 18
102 477
240 189
319 73
309 82
54 497
69 31
300 440
26 215
66 231
482 240
259 159
115 149
343 382
142 309
34 235
46 168
387 394
309 138
141 231
102 347
330 390
343 322
440 62
193 347
354 138
416 140
202 280
127 23
147 167
125 90
97 158
309 74
88 19
44 186
336 169
261 478
341 112
380 433
451 333
255 432
481 154
404 344
1 349
443 491
390 69
128 66
481 182
105 87
324 79
124 496
298 443
264 290
140 308
167 153
211 367
128 466
163 210
486 112
53 110
487 139
499 175
264 289
293 5
200 122
91 205
7 26
79 20
324 336
387 419
147 231
313 477
82 422
83 179
320 292
144 261
198 95
481 272
2 360
482 489
387 255
274 114
406 263
309 287
67 318
66 489
281 466
140 78
491 33
113 397
12 292
317 407
302 462
122 13
150 100
281 326
44 416
120 122
418 173
458 234
354 120
217 119
367 448
250 79
277 126
218 164
16 424
113 448
289 136
465 177
250 39
49 466
53 232
319 399
190 252
376 105
285 366
66 285
7 25
473 451
432 434
121 127
435 281
497 283
24 333
456 211
445 144
384 188
94 366
488 210
7 413
349 259
215 495
235 37
319 453
372 146
37 288
312 11
9 368
21 207
302 399
33 86
350 1
82 481
309 282
101 28
102 46
309 163
416 419
145 293
97 422
248 133
122 428
203 66
200 299
396 111
101 456
362 78
223 467
267 116
425 341
438 301
132 358
314 21
453 204
235 52
393 389
83 124
17 203
130 485
363 23
152 158
83 264
294 388
158 499
102 236
478 191
453 302
470 136
489 380
388 329
139 110
32 89
100 246
232 201
364 267
336 250
219 424
337 187
140 360
386 211
118 424
96 424
398 432
478 188
66 348
141 237
181 114
83 479
102 302
245 360
122 371
404 217
103 116
101 441
132 103
205 410
225 71
148 200
189 322
404 48
11 215
174 117
152 397
129 368
142 48
362 360
407 11
192 187
237 382
411 491
157 107
142 217
324 293
263 444
422 318
212 21
193 349
127 293
492 105
132 111
112 417
125 95
102 444
492 332
135 282
445 191
393 300
381 366
174 482
347 209
152 67
169 82
453 373
149 216
66 251
154 499
241 48
278 306
136 225
287 492
390 271
265 4
228 292
290 295
343 482
146 235
370 425
366 342
407 152
178 317
110 232
66 389
102 60
227 131
61 1
406 58
275 59
411 393
388 3
259 444
136 46
226 37
157 406
362 439
360 457
55 345
406 230
116 65
156 181
268 126
166 242
272 64
323 413
56 383
254 287
295 453
331 124
78 306
427 76
498 486
310 289
88 428
388 227
46 242
359 424
15 403
198 166
415 422
299 216
423 343
478 455
168 90
318 324
470 260
158 169
176 2
188 216
305 83
107 37
78 457
438 112
311 19
462 483
261 461
241 142
82 64
471 358
102 350
18 430
388 359
172 185
333 425
415 74
32 178
282 88
332 404
345 281
236 262
302 183
477 244
103 364
441 338
71 83
217 161
390 207
139 400
134 418
226 211
210 216
205 499
65 335
402 166
157 433
313 302
185 308
82 122
133 343
197 366
194 147
92 482
34 146
211 113
180 288
83 136
50 169
3 131
147 38
171 470
147 160
123 289
15 484
451 150
292 179
375 440
232 278
86 462
258 163
298 15
414 390
194 66
420 39
132 99
44 394
69 99
471 111
452 404
24 473
275 319
14 281
52 288
395 354
346 360
216 215
17 147
177 137
293 363
418 96
38 443
131 329
62 393
409 216
126 459
188 392
309 488
212 325
187 433
102 483
484 366
366 403
307 166
373 430
473 425
147 458
210 428
232 487
151 14
455 461
493 491
238 146
424 216
366 298
478 63
393 375
14 137
187 58
472 160
390 23
495 329
197 493
437 167
141 117
102 337
330 468
285 480
148 181
498 417
125 166
188 354
3 188
414 178
142 354
267 65
462 187
428 323
108 102
419 268
169 178
234 49
304 393
309 87
451 278
495 388
266 146
103 111
188 329
444 406
478 361
75 132
140 176
390 145
71 292
107 52
345 14
92 189
442 102
387 10
424 214
102 482
472 197
440 304
348 345
146 27
171 319
439 85
418 214
171 59
115 299
372 84
296 30
136 425
306 425
60 406
222 83
28 338
391 296
354 215
231 86
286 418
268 140
312 258
462 260
278 477
470 373
426 338
43 318
210 93
99 124
69 21
289 470
100 85
283 261
102 433
68 160
250 318
93 317
288 207
102 320
354 282
397 235
314 212
175 158
125 292
436 394
348 14
101 351
107 180
245 78
152 272
370 362
336 178
482 12
434 387
212 107
441 211
5 318
24 278
54 261
488 258
104 459
288 146
367 426
229 477
369 319
471 69
457 176
230 433
393 437
170 324
69 414
387 398
149 181
9 14
157 449
457 394
122 181
229 425
157 178
448 226
59 369
250 170
485 379
131 495
54 478
90 72
352 232
66 49
309 22
157 1
361 461
203 15
135 87
185 387
237 248
179 482
163 11
430 310
392 283
177 247
421 318
499 82
266 84
228 482
136 218
289 374
126 140
362 473
468 390
147 349
424 122
55 14
394 2
424 11
160 443
428 446
278 362
107 338
343 240
393 431
125 102
45 349
435 458
117 248
190 86
288 34
340 309
296 466
37 456
311 56
141 423
60 187
51 145
130 383
367 52
279 66
66 381
443 33
366 491
313 46
423 133
1 356
474 88
248 382
95 72
374 260
126 2
106 387
264 470
233 88
81 443
348 137
14 465
438 278
381 480
335 132
62 66
57 418
188 283
172 232
102 192
292 479
170 169
428 413
226 52
47 425
66 484
20 422
93 407
101 208
434 44
44 29
2 268
147 356
481 422
457 186
358 103
130 452
443 68
254 105
233 311
207 314
438 110
451 425
130 309
178 67
178 50
454 438
480 366
127 390
205 481
194 86
44 10
152 182
463 148
86 279
288 338
64 182
365 146
119 138
72 166
481 79
181 299
481 50
65 222
352 150
134 478
147 348
59 373
291 262
116 222
343 92
310 295
309 397
376 354
210 385
153 389
371 469
84 235
427 73
391 66
5 79
205 158
319 373
88 379
194 292
47 477
459 394
13 354
348 9
406 350
117 382
410 422
121 23
55 137
491 472
14 247
138 376
255 44
178 429
260 102
485 404
44 106
119 87
418 118
88 485
271 51
419 277
246 454
291 269
456 52
407 142
67 309
169 182
461 63
140 104
309 258
133 237
358 335
423 237
146 58
58 102
227 329
102 109
297 388
270 207
157 187
226 426
14 458
7 219
248 393
86 431
354 463
233 217
129 391
438 136
176 245
393 472
454 464
210 142
152 4
85 136
363 390
58 380
418 219
218 260
113 433
15 491
348 247
399 295
113 187
243 330
428 217
98 425
41 427
500 85
493 393
186 459
325 69
368 465
232 46
466 458
66 298
10 459
95 425
55 147
135 130
402 292
159 193
305 99
309 492
308 44
212 67
278 419
431 66
462 290
170 152
289 218
200 412
119 309
172 439
269 467
293 121
78 44
134 461
355 454
171 295
218 264
210 395
90 242
484 393
297 131
21 178
390 121
138 254
188 461
430 204
334 293
452 217
423 393
455 392
193 444
171 302
50 390
361 392
454 257
193 269
191 392
51 127
89 31
174 213
430 73
79 170
393 462
166 85
116 69
18 470
171 310
468 178
454 346
168 438
161 452
430 374
66 94
474 311
142 122
360 306
114 408
253 269
79 51
141 92
466 129
229 85
66 30
295 73
133 117
154 158
424 143
321 211
122 199
78 85
54 283
334 127
13 412
188 495
313 260
132 116
383 379
491 17
255 459
226 288
188 261
159 291
354 181
191 461
178 243
44 176
321 101
2 401
113 449
196 460
385 215
335 111
252 443
12 462
134 392
270 212
244 438
333 362
8 11
490 114
406 113
133 92
273 127
444 209
462 58
131 359
122 149
423 327
85 301
157 6
31 365
342 466
480 484
443 190
456 448
86 411
263 349
438 242
295 374
412 463
293 280
