1425
40
42
52
86
56
11
66
48
13
44
59
95
93
87
16
63
12
87
14
42
43
25
60
67
61
33
96
20
81
28
58
34
36
75
18
89
63
20
70
18
95
29 3
4 6
40 4
34 8
15 9
20 10
1 12
18 14
29 17
38 20
15 21
35 15
27 25
13 31
22 32
27 22
26 27
24 33
11 24
23 11
5 34
40 37
36 38
28 36
16 28
18 16
30 18
19 30
23 19
29 23
5 29
35 5
1 35
26 1
7 26
2 7
13 2
40 13
39 40
27 32
19 29
30 16
17 5
35 9
21 9
14 30
34 35
28 30
11 33
7 27
1 9
7 25
13 7
40 6
7 31
7 40
35 17
23 33
18 28
38 10
14 28
11 29
32 7
25 32
12 26
27 31
29 30
36 20
16 36
16 14
29 28
23 24
5 9
30 36
5 8
1 7
27 1
14 29
38 16
31 2
1 5
12 7
27 5
34 1
27 34
35 27
35 29
40 31
6 31
32 31
28 38
5 15
5 21
36 14
7 39
22 31
27 29
29 24
7 6
23 30
29 36
7 35
37 39
9 27
19 28
28 23
35 21
15 27
31 25
29 33
34 9
29 16
28 11
1 15
38 14
40 2
5 7
12 27
16 19
7 22
28 20
27 40
29 7
11 19
28 10
11 30
19 33
7 24
22 25
8 9
7 23
37 7
27 8
18 29
8 1
12 25
12 5
37 2
23 16
21 1
32 40
28 33
13 37
14 19
34 15
40 22
20 16
16 10
35 12
6 22
36 18
8 35
32 6
24 28
19 36
27 6
22 13
39 13
19 18
39 2
36 10
19 24
25 40
14 23
9 12
13 6
29 12
35 26
2 6
6 25
26 5
15 8
8 21
37 31
16 11
38 30
29 38
24 16
4 25
23 18
18 38
4 7
2 22
12 22
38 19
35 25
27 24
30 10
7 16
12 17
13 27
26 29
6 37
33 16
13 32
32 2
2 27
37 22
34 21
4 31
