4080
100
66
72
17
44
24
96
14
74
41
96
45
53
50
49
93
66
76
63
51
88
36
98
38
15
71
45
31
90
76
71
94
50
24
54
41
51
72
81
99
34
70
19
93
28
53
59
55
41
67
99
88
80
24
82
78
94
15
67
45
15
72
55
91
69
46
20
50
27
91
27
33
58
13
70
12
77
80
82
78
73
36
60
35
20
35
94
77
38
91
31
94
76
18
14
72
100
79
57
97
37
69 1
52 3
24 8
2 9
18 2
27 10
67 12
67 15
69 21
14 22
84 23
59 24
71 25
13 26
29 13
36 28
4 33
32 34
83 36
38 41
37 44
5 48
42 54
61 42
39 55
31 39
92 57
5 59
73 5
89 62
96 63
99 64
37 65
30 66
20 69
18 71
11 72
67 11
40 67
30 40
94 30
17 73
45 17
46 74
19 75
87 19
43 76
20 43
56 78
51 79
49 81
96 49
35 82
77 35
97 77
53 83
80 84
7 80
90 88
51 89
38 51
37 38
52 37
90 52
14 90
7 91
70 7
29 92
60 29
68 60
56 68
87 56
61 87
85 61
6 85
18 6
31 18
53 31
20 93
14 20
94 14
53 94
96 95
27 96
45 27
70 97
47 70
53 47
46 53
58 46
32 58
16 98
4 16
99 4
50 99
32 50
45 32
86 45
86 100
87 75
45 73
86 17
25 18
5 45
56 60
97 35
32 99
29 57
48 73
42 85
46 32
26 29
84 7
97 7
58 99
14 69
41 51
73 59
45 48
39 53
35 7
3 90
60 87
87 85
90 37
15 11
31 55
47 97
61 6
68 87
79 89
60 92
58 45
61 60
42 6
3 37
24 5
4 98
67 30
63 95
53 55
66 94
69 94
73 86
23 7
45 10
32 27
64 50
36 53
100 17
32 64
21 20
30 11
97 53
80 35
89 41
99 98
14 53
95 27
7 77
43 14
28 83
33 99
88 3
77 82
87 6
63 27
58 34
91 70
81 96
60 85
82 7
83 97
5 8
72 15
84 35
92 56
95 10
39 14
89 38
60 6
28 53
12 30
47 14
61 54
45 100
74 53
38 3
24 73
81 95
64 98
46 34
73 100
49 95
51 62
46 99
38 62
94 90
44 65
30 15
62 79
45 95
76 20
87 42
23 35
6 68
52 94
50 98
30 53
100 48
74 34
55 14
54 6
87 92
4 64
80 77
38 90
61 68
16 99
3 65
25 6
68 92
50 4
74 31
47 39
32 98
59 48
48 86
86 5
55 18
2 31
30 72
66 15
82 80
91 97
37 94
60 78
34 53
25 85
97 82
97 80
14 52
32 10
3 51
92 26
66 11
17 48
3 44
15 40
15 94
6 75
64 58
84 97
97 36
38 79
14 76
29 87
18 9
12 11
58 53
30 14
9 31
71 6
24 48
64 16
91 35
17 58
66 14
95 32
45 24
55 25
54 85
47 55
60 42
92 13
37 14
19 6
73 58
45 63
51 90
35 70
20 1
55 97
53 70
41 3
68 78
13 87
1 21
52 30
6 56
31 14
26 57
25 60
55 6
77 84
97 28
72 66
86 58
46 31
51 37
6 31
90 65
4 32
59 45
53 32
32 16
51 65
19 61
27 81
70 77
29 56
58 48
26 87
2 55
82 70
78 87
39 97
12 15
53 35
91 77
14 21
33 98
32 74
34 31
19 85
44 90
65 52
93 21
90 30
12 40
23 77
3 14
81 63
68 29
90 53
9 55
6 9
78 6
53 52
70 55
60 26
53 91
46 64
14 2
32 33
59 86
45 8
59 58
59 8
61 75
32 31
97 14
90 66
58 5
12 72
58 100
80 23
76 21
45 81
19 42
18 85
97 30
96 45
11 40
41 79
81 32
89 3
5 100
99 34
79 3
55 71
2 6
80 70
50 16
60 54
52 51
42 75
35 28
57 60
78 61
86 24
66 22
14 93
78 85
37 79
61 56
9 25
7 53
93 76
57 87
29 6
3 62
82 91
47 31
32 5
84 70
32 96
85 9
8 86
56 26
4 46
28 91
66 52
41 62
55 85
10 81
94 72
44 52
56 57
46 14
14 72
73 8
32 59
1 14
53 66
90 79
48 32
88 79
14 44
9 14
6 14
40 72
11 94
96 10
69 66
53 37
69 76
69 93
58 24
44 94
34 14
23 70
83 91
50 33
91 36
24 32
93 1
1 66
25 2
51 88
90 41
65 38
72 67
68 85
14 11
71 85
51 44
49 45
75 85
69 30
94 12
60 19
43 93
68 42
95 5
11 52
76 1
93 66
82 84
100 59
60 55
61 25
67 94
39 9
64 34
90 62
38 88
17 59
45 53
91 47
37 41
46 16
90 22
46 50
71 9
32 86
65 14
70 14
25 54
66 20
23 82
32 49
69 53
57 13
68 54
14 32
10 63
10 49
14 18
82 53
60 13
15 14
55 91
67 14
14 91
94 20
74 58
68 57
9 60
30 22
