5544
200
19
74
22
97
29
52
40
11
75
84
23
84
55
85
57
16
27
51
87
98
45
25
76
55
52
55
12
13
35
78
18
60
21
32
34
51
58
93
25
26
82
84
23
67
75
22
92
55
41
80
32
97
89
46
69
67
36
46
53
41
46
38
68
83
50
87
76
62
23
70
63
62
51
75
90
90
33
60
49
12
80
72
47
75
100
87
61
78
93
50
75
94
35
79
99
35
66
63
24
22
43
71
64
44
45
29
56
52
63
95
56
45
97
83
49
45
64
25
65
48
55
100
91
45
79
63
20
59
42
12
14
76
37
21
76
19
63
13
18
12
60
54
47
100
71
35
28
51
15
77
56
67
93
15
60
63
76
35
24
32
30
19
74
79
17
99
44
27
100
45
86
12
10
29
67
67
10
66
64
100
26
32
51
98
93
88
46
45
97
57
22
61
61
15
42
35
26
61
66
73
160 1
27 7
194 12
86 13
146 14
69 15
56 21
72 23
27 33
24 34
99 24
127 39
103 40
8 42
11 8
17 43
154 44
74 47
139 58
77 63
75 65
28 70
20 76
67 81
41 82
46 84
36 46
73 36
168 86
149 87
9 88
97 91
29 92
53 29
160 95
68 97
165 68
93 99
199 102
156 105
75 106
120 75
77 107
170 77
94 108
35 112
163 35
125 116
109 118
22 109
131 22
5 124
180 5
141 125
139 127
31 128
123 129
139 130
71 136
52 71
69 138
155 69
62 139
52 141
152 52
93 143
57 93
137 145
59 147
31 59
146 148
123 149
90 123
19 152
72 19
172 153
170 154
94 156
172 159
38 161
194 38
27 162
100 27
90 100
53 90
10 53
25 10
56 25
121 56
26 121
173 26
137 163
133 137
134 133
50 134
170 167
185 168
18 169
96 18
113 172
126 173
9 126
98 9
96 174
131 96
122 131
45 122
132 45
190 132
158 175
146 158
113 146
17 113
66 17
28 66
60 176
85 177
49 85
165 49
184 165
166 178
185 166
103 179
104 180
140 104
135 140
20 181
55 20
170 55
67 185
142 67
111 186
160 187
103 160
83 103
80 83
30 190
182 30
189 192
101 189
120 101
115 120
16 193
119 16
199 119
115 194
89 115
60 89
188 60
78 188
155 78
74 155
57 196
94 57
195 94
31 195
4 197
144 4
191 144
11 191
170 11
135 170
73 135
48 73
142 48
50 142
171 50
28 171
3 28
51 3
64 51
62 64
183 62
6 183
2 6
72 2
32 72
114 32
31 114
151 31
41 151
80 41
117 198
54 117
98 54
157 98
37 157
164 37
150 164
80 150
111 80
182 111
182 199
79 182
110 79
74 110
61 74
184 61
184 200
170 44
180 140
98 88
90 27
135 36
138 155
56 10
130 58
187 95
111 199
123 87
28 50
3 64
137 134
135 180
34 99
139 39
23 32
9 173
80 82
28 64
25 53
191 4
160 40
100 162
182 110
153 113
161 194
168 13
103 80
89 194
144 197
111 119
177 49
170 63
183 2
177 165
9 26
23 114
198 54
14 113
185 178
35 137
170 8
48 36
48 135
30 132
131 18
109 131
12 89
53 92
65 106
52 125
143 99
31 94
175 146
184 74
41 31
42 11
177 68
53 56
8 191
25 92
187 1
182 74
117 98
29 25
155 188
101 192
132 122
43 66
119 193
131 132
85 165
94 105
103 187
149 129
83 41
98 198
80 164
46 135
41 94
7 162
152 72
7 100
166 67
24 93
120 106
181 76
191 170
1 103
52 19
137 112
191 42
114 72
141 71
182 186
90 149
175 148
163 112
31 147
74 200
197 191
155 184
80 31
80 37
7 90
79 74
60 155
149 7
155 15
189 120
148 158
41 103
31 156
48 67
31 83
41 147
188 74
34 93
89 120
88 126
131 174
64 183
154 11
80 157
196 93
184 138
73 140
170 20
71 125
120 194
2 64
97 165
195 41
56 26
48 140
87 129
95 103
106 194
41 59
19 32
45 131
120 192
170 76
134 28
118 22
176 155
133 28
186 80
173 88
135 5
3 62
184 69
72 31
151 147
153 159
124 135
47 155
24 57
113 159
162 90
148 113
188 176
29 90
132 182
180 124
185 13
142 134
182 80
59 94
57 34
58 62
193 199
58 64
171 134
43 28
199 16
175 113
74 78
170 181
52 72
114 59
130 62
38 89
84 135
52 116
117 157
10 121
100 149
25 121
186 150
164 157
95 179
17 28
89 155
194 75
143 24
148 159
23 31
19 116
