142
20
6
10
7
16
7
7
4
6
7
20
18
3
7
4
12
18
5
13
16
6
4 1
7 4
19 6
3 7
3 8
3 9
16 12
3 13
17 3
10 14
19 10
2 15
17 19
18 17
11 18
16 11
2 16
5 2
5 20
1 7
14 19
14 17
10 17
10 6
11 17
16 15
2 20
15 5
13 17
15 20
19 11
8 17
19 8
18 19
18 16
3 1
8 1
14 6
4 3
16 19
3 19
2 19
12 2
19 1
15 12
4 19
17 1
1 9
5 16
10 8
20 16
9 8
16 17
19 7
12 20
1 11
19 15
6 17
14 8
17 4
17 9
12 19
20 19
5 12
19 5
12 11
4 11
3 10
19 9
8 13
1 18
10 9
1 13
13 9
3 11
7 17
18 4
11 5
14 3
18 3
16 3
1 10
11 2
3 6
11 20
18 7
18 12
13 10
13 19
14 13
7 10
10 18
10 4
14 1
13 7
2 18
13 6
2 3
9 7
5 18
