9283
200
30
23
42
68
43
10
52
27
36
71
47
79
55
23
14
63
94
32
49
23
96
55
33
42
95
57
87
39
75
59
50
24
15
59
90
81
32
29
24
71
11
46
17
20
28
69
16
83
82
58
38
13
50
94
58
77
55
32
67
88
55
99
99
74
26
62
68
94
57
39
52
65
90
28
20
84
47
45
80
22
69
87
73
67
50
93
30
45
85
46
45
59
82
41
68
22
62
51
62
83
61
65
98
52
13
58
33
60
65
60
38
50
94
58
81
81
51
78
72
64
45
10
83
80
90
70
35
26
55
84
100
99
57
20
100
70
29
88
55
88
73
96
67
53
91
74
18
67
47
74
43
69
14
13
47
88
28
84
61
81
80
60
46
69
79
88
75
91
67
34
77
48
74
48
22
52
51
87
48
18
100
23
54
96
37
80
17
53
27
67
65
21
70
34
29
65
20
71
49
51
87 1
11 7
166 8
69 9
145 11
62 14
153 15
193 16
46 17
101 19
10 21
87 26
106 30
194 36
105 38
27 42
180 43
90 47
108 50
2 51
27 52
195 27
74 53
65 55
179 56
102 57
143 58
140 59
102 62
6 64
96 65
183 66
189 74
101 82
180 85
199 86
48 88
71 90
31 92
151 31
165 93
33 96
182 33
49 98
5 49
167 104
32 107
41 113
76 115
70 76
157 70
29 118
152 119
111 123
122 124
69 122
69 125
180 69
131 126
63 127
25 63
160 25
61 128
20 61
72 20
94 72
6 94
68 129
77 133
139 77
106 136
170 106
91 137
37 138
100 37
120 140
131 120
109 131
60 109
67 141
79 67
45 79
150 45
157 142
48 143
184 48
191 145
168 146
191 147
75 148
193 75
114 150
24 114
41 24
169 151
101 152
112 153
46 112
166 46
134 155
101 134
166 157
71 158
78 160
2 161
18 162
99 18
35 99
89 35
182 89
23 163
54 23
41 165
132 41
169 132
174 166
116 167
175 116
44 170
13 44
91 13
159 91
199 159
103 171
40 172
169 40
195 169
97 175
100 97
60 100
168 60
178 176
192 177
174 178
3 179
80 3
87 181
22 183
168 185
6 168
156 6
10 187
73 10
2 73
180 2
188 180
101 188
117 101
103 117
81 103
184 81
139 184
189 139
34 189
144 190
156 144
28 156
164 28
29 164
186 29
87 186
105 192
68 193
108 68
182 108
87 182
105 194
121 105
5 121
149 5
71 195
4 196
135 4
39 135
154 39
199 154
110 198
32 199
197 32
110 197
54 110
102 54
173 102
174 173
111 174
83 111
149 83
84 149
130 84
12 130
80 12
95 80
87 95
78 87
34 78
191 34
71 191
22 71
22 200
80 130
48 81
91 199
101 119
169 172
84 5
48 58
81 58
174 102
128 20
148 193
41 114
175 167
14 102
29 28
37 97
6 72
34 145
114 45
78 25
97 116
91 44
120 109
55 96
45 67
143 81
83 5
60 120
165 24
130 149
95 181
37 60
89 99
48 139
34 87
70 115
72 61
188 43
39 4
82 19
139 81
162 99
24 93
169 41
74 34
6 28
27 71
139 133
50 68
151 195
108 129
179 80
170 91
196 39
36 105
160 63
78 182
91 86
2 43
101 103
111 102
22 66
154 32
89 162
97 167
51 43
153 46
155 101
158 191
188 2
32 110
96 182
158 145
92 151
170 136
49 83
198 197
186 164
151 41
110 23
50 182
145 7
5 105
124 69
182 181
123 102
42 195
166 17
173 178
23 102
34 139
17 174
151 40
159 154
159 39
21 187
122 180
6 185
83 174
164 118
53 189
2 10
118 186
22 191
157 46
12 149
48 103
110 107
56 80
41 93
162 35
191 74
114 113
24 150
126 109
5 98
78 108
78 26
176 174
146 185
181 33
150 79
46 15
5 111
120 37
76 157
189 191
140 60
52 195
120 126
9 124
51 188
174 123
9 122
51 180
156 190
173 176
48 34
6 146
87 164
30 136
128 72
191 87
110 199
186 28
115 157
97 60
15 112
191 27
6 60
182 35
140 168
170 86
135 196
124 125
200 191
71 47
177 105
139 74
199 39
164 156
110 154
29 156
67 150
181 96
168 94
159 110
124 180
78 63
103 119
154 135
54 163
62 57
83 98
161 180
151 27
117 171
63 26
151 52
57 14
184 143
164 6
54 198
139 88
148 16
170 30
65 181
75 68
30 86
26 127
14 111
121 177
27 47
180 9
149 80
143 139
100 138
87 145
181 186
174 46
5 174
28 118
74 48
116 104
73 21
121 192
93 114
47 195
199 107
84 80
39 110
158 87
194 121
18 35
118 87
74 143
68 182
16 75
53 34
9 125
196 154
157 112
101 2
46 142
120 59
80 181
72 168
40 195
42 151
154 107
86 106
47 42
97 104
97 138
14 174
101 43
123 5
18 89
183 200
65 33
140 37
5 194
149 111
103 152
61 94
147 34
51 101
180 125
104 175
117 152
87 29
78 191
117 119
58 139
62 174
57 174
56 3
111 98
175 37
73 187
177 5
7 87
162 182
137 44
125 85
102 5
16 68
61 6
42 92
22 158
182 65
91 30
79 141
190 6
182 129
91 106
169 113
176 102
94 146
159 32
34 143
87 28
159 197
181 179
114 165
78 127
78 35
87 22
54 62
183 191
187 2
200 87
42 31
9 85
5 192
32 91
51 122
174 98
170 13
195 191
138 60
26 25
182 193
192 194
172 151
98 102
79 114
108 193
111 57
169 114
71 42
6 128
10 51
191 7
64 61
49 177
13 86
163 110
150 93
60 126
190 94
151 71
6 144
54 57
34 158
24 45
34 58
43 117
2 21
80 87
71 31
51 117
156 94
14 54
108 75
178 102
36 121
40 27
64 94
25 127
43 119
55 182
60 72
199 106
159 198
46 8
102 110
150 141
19 155
41 150
43 103
6 20
165 150
69 85
130 5
189 78
37 59
151 113
35 108
56 181
2 134
49 111
118 156
199 30
179 84
99 182
181 84
67 114
200 158
13 137
127 87
1 29
192 49
140 109
27 90
28 181
84 12
17 157
82 155
1 164
191 66
49 105
199 135
8 17
2 155
18 182
174 149
122 188
19 2
113 195
47 151
17 142
198 32
122 125
197 199
143 103
154 4
195 172
157 8
108 18
149 98
71 92
192 36
5 36
119 51
86 159
123 98
187 51
94 60
129 193
2 82
140 6
185 94
134 43
168 61
166 14
52 71
42 40
95 179
30 13
51 69
111 62
30 44
54 197
119 48
131 60
151 90
21 51
33 55
34 133
195 92
157 15
25 87
190 61
14 17
166 142
74 78
185 61
53 191
181 3
71 40
87 63
56 95
106 13
100 120
188 161
68 148
165 45
163 197
199 196
44 86
23 197
74 58
13 199
67 24
74 88
140 131
70 17
195 41
159 196
91 154
147 74
127 160
49 121
87 189
87 160
144 28
166 102
199 170
110 14
37 109
114 141
169 93
54 111
174 49
183 158
191 139
50 129
95 28
101 180
156 186
8 112
6 186
199 4
185 72
49 36
103 58
185 60
198 199
142 174
93 132
142 14
105 111
80 5
131 168
86 136
166 111
67 165
71 169
169 27
111 17
115 17
151 114
67 41
77 34
137 170
156 87
49 194
76 17
1 186
118 1
51 103
86 137
24 79
180 117
76 46
155 43
69 188
72 190
48 191
87 6
46 70
154 198
111 130
45 141
155 188
157 153
26 160
161 101
75 129
78 147
72 156
122 2
149 49
179 149
183 87
118 181
108 16
121 111
51 152
180 119
18 78
87 66
40 191
37 116
153 8
95 3
28 190
71 172
143 77
188 10
10 101
42 90
17 153
18 50
51 73
81 74
123 176
167 37
119 2
87 56
64 168
43 161
145 200
90 195
8 15
198 91
93 151
83 123
165 169
54 32
108 148
169 24
46 14
60 116
151 165
9 51
111 36
98 57
61 156
149 123
123 49
101 187
28 61
110 57
59 60
181 55
146 72
142 70
162 108
145 183
46 115
178 123
142 111
121 83
109 100
137 30
119 143
140 185
151 132
113 165
44 199
80 111
98 121
121 174
157 14
159 135
12 179
32 163
19 134
23 14
14 163
154 197
155 180
28 1
1 181
51 124
107 159
29 181
10 180
74 103
40 90
122 101
75 182
83 105
108 99
60 175
167 60
183 34
88 58
72 64
90 191
181 164
189 48
48 53
199 136
48 51
20 185
67 93
98 176
158 66
17 102
34 160
82 134
138 167
119 81
110 62
143 133
87 3
140 72
52 42
162 78
25 34
23 32
116 138
78 48
43 82
34 200
22 34
74 119
2 117
16 182
66 34
15 17
99 78
34 26
168 120
43 19
156 1
6 118
48 43
148 182
14 197
18 129
173 123
109 97
52 92
21 101
34 88
105 174
181 12
124 85
132 114
168 109
74 87
168 20
60 146
144 61
131 185
140 126
72 144
111 110
23 198
181 156
59 109
6 181
199 137
119 58
14 32
31 52
156 168
169 150
71 183
37 126
98 105
91 197
71 41
5 176
130 179
91 136
17 112
123 57
48 147
151 150
6 29
149 181
104 37
111 194
127 182
45 41
174 194
20 94
84 111
172 41
43 81
43 152
137 159
89 108
61 181
71 87
56 84
48 87
60 104
54 174
166 62
181 144
85 122
103 180
117 188
93 113
54 154
6 1
51 81
62 23
71 113
174 110
16 129
196 110
166 15
40 52
138 104
179 87
120 185
22 48
81 34
177 194
98 62
71 165
79 165
5 179
93 45
95 84
5 178
113 132
84 87
158 195
76 142
54 98
149 95
197 39
165 141
66 200
138 109
171 180
78 89
51 85
5 173
54 123
159 54
50 89
28 84
107 197
37 131
179 111
172 27
180 21
115 142
56 182
50 162
36 177
22 189
123 130
149 102
165 132
34 119
19 180
116 100
161 155
57 149
166 110
19 188
111 192
197 196
185 128
120 72
188 9
129 148
41 79
70 14
80 123
53 78
62 32
169 42
112 166
149 121
62 197
12 5
103 34
113 172
161 19
87 195
102 197
27 158
161 82
39 32
93 79
101 81
73 101
159 30
153 166
64 156
47 40
11 87
190 168
22 145
58 77
168 128
180 187
163 198
26 182
82 180
144 94
159 4
58 133
90 158
34 127
184 74
180 73
89 129
27 41
157 174
136 13
144 168
150 132
200 48
177 111
4 110
164 144
50 78
150 113
71 34
101 69
81 88
185 144
125 51
180 152
189 143
70 166
58 184
124 188
45 169
146 20
183 48
144 118
76 14
47 169
126 59
136 44
185 109
98 110
28 72
84 186
28 94
44 106
12 95
76 166
171 152
86 198
7 34
166 54
168 28
111 176
174 36
126 100
127 162
180 81
72 109
50 35
178 98
132 45
85 188
48 66
47 191
167 100
130 49
95 186
99 127
41 141
71 66
89 127
63 182
119 139
167 109
101 85
197 86
182 25
14 8
181 63
163 154
153 14
109 116
182 95
181 26
93 141
155 117
52 47
77 48
42 172
115 166
172 165
125 188
197 4
185 126
70 153
119 184
169 79
49 80
25 162
23 166
81 152
99 50
26 95
51 171
185 37
71 132
5 181
11 34
111 157
34 63
111 23
48 152
105 149
42 191
146 61
30 197
14 98
101 125
109 104
47 92
135 197
106 137
144 87
54 149
97 120
76 174
2 85
162 129
73 188
90 169
100 185
167 120
125 2
3 84
115 14
29 84
101 124
68 162
49 102
24 132
185 156
18 127
113 45
45 151
144 1
86 32
63 96
44 159
189 58
25 74
8 70
188 82
119 188
18 25
164 61
20 144
77 119
123 84
191 151
17 62
179 123
146 144
101 9
167 185
182 179
131 100
172 90
78 129
68 89
18 26
111 76
174 23
40 41
127 35
130 102
87 18
122 119
65 63
191 143
133 119
189 200
198 39
100 104
7 158
51 74
196 198
172 47
84 6
48 101
27 113
77 74
167 131
198 4
99 129
8 142
24 141
153 142
5 57
109 6
72 181
8 76
150 71
12 3
3 149
182 3
176 57
18 68
6 120
117 73
23 154
169 191
158 169
168 37
171 43
62 163
35 129
120 138
57 49
153 76
158 40
84 118
148 18
109 94
92 27
117 82
111 46
102 46
138 175
153 115
50 127
28 185
198 135
146 128
8 115
68 35
83 194
41 90
85 119
65 26
182 34
59 131
29 144
134 161
133 74
117 19
117 81
99 68
60 20
84 156
66 195
137 136
95 6
11 158
55 63
6 56
25 50
56 28
57 178
149 56
109 175
45 71
2 9
74 26
96 26
49 84
40 113
159 13
44 197
171 119
111 8
165 40
123 62
87 90
20 109
117 48
156 95
183 195
185 97
131 97
110 123
158 48
163 102
185 59
56 12
119 189
172 132
49 179
174 130
155 51
136 159
85 43
21 188
188 187
200 7
144 128
200 71
170 159
78 143
29 95
38 192
52 169
180 134
53 147
163 159
44 32
7 183
164 84
34 195
117 161
174 192
56 156
136 197
160 182
145 66
152 188
116 120
148 35
82 51
23 159
78 200
178 111
195 200
71 93
148 162
173 57
16 162
125 119
129 127
174 177
110 135
185 138
54 5
131 72
25 181
53 87
188 134
18 160
122 43
50 26
32 4
104 120
130 181
158 151
115 111
108 127
43 74
75 162
34 181
154 14
34 184
57 130
85 117
168 126
43 34
8 174
150 172
112 70
80 182
2 152
64 28
197 170
167 126
38 5
31 195
91 110
4 91
63 33
69 2
101 74
185 190
191 58
114 71
169 67
73 43
149 176
49 176
68 78
122 117
59 100
105 123
24 113
144 64
130 3
82 119
149 178
164 95
89 148
168 59
169 141
50 148
192 83
168 100
41 47
172 191
181 64
26 55
192 98
65 34
64 164
179 28
132 67
153 111
25 108
74 160
73 85
123 121
16 89
39 91
115 112
174 38
121 176
48 145
42 41
31 47
117 125
59 167
95 118
137 197
147 87
97 59
104 185
90 52
38 111
111 70
11 183
84 1
173 98
112 76
200 11
102 84
197 111
41 52
113 90
138 131
191 11
94 181
91 135
196 91
179 156
89 75
79 132
72 126
78 58
87 65
24 151
34 18
188 81
31 27
4 86
33 26
92 40
51 161
70 15
43 187
82 122
14 159
22 7
94 128
54 178
48 180
75 18
97 126
87 55
78 181
83 36
17 23
197 13
2 124
89 25
163 111
75 50
174 115
88 119
117 69
12 87
178 62
167 168
184 103
107 198
95 1
129 25
149 192
61 87
156 12
26 129
90 34
36 149
32 196
34 55
56 130
23 199
84 174
113 42
189 81
70 174
149 194
172 45
104 131
38 98
149 177
112 142
160 181
31 40
167 140
4 107
54 17
186 56
1 56
159 106
87 58
112 14
102 142
149 87
155 122
112 111
174 179
185 116
39 86
138 126
171 81
189 184
100 175
123 181
130 176
83 177
89 193
35 75
163 174
119 191
48 7
145 71
14 198
103 139
199 54
111 15
169 31
195 165
26 89
187 85
64 190
62 159
170 32
16 18
194 98
103 88
196 86
47 113
183 189
67 151
187 117
132 40
200 74
16 50
46 54
38 49
11 22
176 105
51 19
119 73
163 166
116 131
61 29
39 170
87 89
5 62
176 83
48 188
191 81
25 99
21 117
61 60
140 94
87 33
146 28
74 183
49 181
181 74
172 158
182 74
189 103
51 134
175 131
13 32
76 102
26 99
135 32
23 39
111 173
43 58
115 15
27 165
84 182
199 14
66 90
132 27
102 115
99 75
110 178
96 87
15 76
117 9
167 72
191 77
139 43
144 84
143 88
66 40
189 77
165 90
175 185
48 71
34 51
162 26
107 91
156 80
87 99
135 107
39 14
14 178
71 24
64 185
5 56
15 14
102 8
133 48
36 98
15 142
176 192
62 149
21 85
42 165
18 63
43 88
190 146
112 174
200 90
149 173
117 124
60 128
115 54
7 71
80 28
10 117
120 175
110 86
160 191
26 56
189 133
118 56
181 185
176 194
40 34
42 132
39 44
62 173
151 66
84 176
76 54
99 63
105 102
47 165
127 68
23 91
174 15
114 172
78 75
146 109
6 131
166 197
2 48
34 95
140 100
71 11
199 163
126 175
126 104
174 153
178 163
172 93
59 138
34 96
190 181
32 136
141 132
67 113
189 66
200 40
42 45
59 72
122 73
140 20
3 156
38 176
44 110
123 12
183 90
144 60
168 138
174 80
95 74
49 12
191 41
90 31
34 101
26 80
76 23
113 79
61 118
181 18
154 62
14 91
68 25
87 162
107 39
87 130
22 195
191 26
173 49
90 132
193 18
71 189
37 72
81 78
99 148
127 75
90 22
103 188
34 56
167 6
164 190
27 45
50 193
1 61
191 165
47 158
141 113
180 74
78 148
43 143
102 15
189 43
86 154
20 28
137 32
32 30
158 165
123 56
65 25
173 54
32 106
80 186
144 186
131 94
148 127
66 169
123 14
177 98
120 94
179 102
3 123
92 90
23 86
27 150
153 102
71 74
103 191
95 144
102 154
78 16
104 59
177 176
54 8
48 11
58 51
175 59
10 85
191 113
73 125
24 172
54 15
118 80
56 29
182 191
120 20
133 191
172 67
66 27
28 60
125 43
123 192
44 198
23 4
175 168
187 119
52 172
139 78
191 25
182 12
130 95
200 169
113 52
87 139
145 195
82 85
193 162
143 87
35 16
52 165
33 34
197 106
27 114
85 155
130 156
61 84
169 92
151 141
64 146
140 138
127 16
140 146
95 61
115 23
102 83
23 46
91 163
125 82
95 123
72 138
189 145
168 104
191 181
84 64
83 173
140 104
71 67
189 158
28 3
184 43
127 193
189 11
64 118
167 94
184 88
125 187
48 195
189 88
82 73
75 25
82 69
99 160
160 48
40 87
147 189
163 123
190 84
176 179
87 169
106 39
111 154
37 94
168 181
193 78
165 66
10 119
95 5
127 181
108 26
109 144
48 73
171 188
90 48
86 14
16 99
27 200
26 68
76 62
19 122
64 95
174 181
44 23
74 152
27 24
1 64
160 95
87 123
20 64
61 186
5 87
114 42
150 42
80 1
43 191
90 150
74 127
81 2
24 42
38 123
175 140
176 54
172 92
2 103
156 123
168 97
46 62
123 194
146 181
94 164
179 1
48 40
153 54
148 25
30 39
38 83
21 119
35 25
25 16
196 23
69 43
119 69
72 175
78 119
54 142
102 159
135 23
70 54
168 116
67 42
113 158
113 66
126 94
35 26
43 21
110 149
189 160
25 33
110 76
174 12
18 65
73 103
198 106
154 166
39 163
141 71
59 116
164 185
123 177
143 51
70 102
92 41
19 85
200 113
94 59
112 54
48 181
165 92
99 193
36 176
119 87
40 150
82 9
155 73
21 125
