96652
3000
33
34
44
58
29
100
33
61
52
30
29
33
54
68
54
50
92
98
71
86
71
91
17
88
63
95
38
96
54
41
93
40
64
27
32
73
11
41
22
47
100
56
80
44
76
47
88
48
65
90
83
91
27
67
97
40
31
37
21
57
43
18
58
13
66
81
97
73
84
66
20
11
27
95
86
79
66
81
68
71
21
42
52
53
13
97
18
36
80
52
51
16
24
53
30
35
46
51
49
24
34
57
64
65
39
23
54
51
96
22
83
48
99
66
23
73
16
97
92
68
54
73
29
88
88
34
78
85
27
50
13
25
59
27
56
10
96
35
53
64
73
10
54
68
73
91
69
62
12
31
18
55
56
65
30
21
79
92
96
29
69
59
20
86
64
73
45
26
69
21
91
93
100
94
53
60
87
41
100
30
27
92
31
84
92
59
61
13
66
65
90
98
86
99
18
59
20
68
97
51
61
34
100
33
23
48
72
27
79
81
55
94
64
46
90
23
29
62
99
28
79
86
18
60
46
26
69
56
76
66
69
74
46
88
22
17
13
21
78
26
57
86
50
12
75
16
41
74
85
100
10
71
40
39
88
41
89
98
83
69
79
41
44
10
75
91
89
48
38
74
78
48
21
12
48
32
78
58
22
10
77
22
92
61
14
26
66
95
94
84
12
79
39
69
80
83
61
44
53
75
95
48
27
39
32
48
96
85
61
90
92
54
92
16
49
34
77
23
88
71
51
89
45
95
37
86
30
86
79
80
72
29
99
52
27
88
41
14
65
46
42
47
25
81
41
55
56
93
38
44
35
92
14
84
88
39
49
70
13
23
73
42
94
42
77
74
94
40
36
60
41
25
95
29
92
40
23
91
86
33
20
70
39
63
65
76
62
28
66
41
24
77
63
59
98
84
100
63
98
20
22
84
80
14
72
13
100
87
45
17
58
52
42
68
90
44
94
86
84
76
53
61
96
40
60
60
58
92
87
78
64
44
28
99
56
92
16
42
38
98
49
72
84
50
24
19
43
36
38
17
43
89
64
11
72
44
34
36
43
76
54
39
70
81
30
37
88
60
66
42
58
90
29
84
58
82
92
15
18
44
31
47
97
12
11
67
88
56
43
23
34
49
37
21
41
37
34
89
30
41
55
61
35
43
26
99
90
47
78
63
70
16
32
16
76
98
99
65
53
40
42
86
31
58
93
49
29
29
79
61
66
80
14
32
19
62
75
42
83
10
58
70
38
14
52
55
92
35
78
87
97
52
41
55
17
34
30
41
46
34
72
84
82
72
76
88
58
33
12
64
13
13
71
48
28
84
68
56
61
12
34
77
39
10
55
11
59
53
20
32
95
58
99
79
91
97
30
11
45
21
76
28
45
56
14
85
76
46
84
45
37
12
92
73
70
56
39
51
68
93
89
66
35
58
34
44
71
41
96
55
38
10
37
56
48
64
44
38
13
62
63
32
10
16
18
70
97
62
69
81
83
95
49
76
45
100
42
46
10
52
52
28
64
46
34
55
51
75
37
96
85
88
32
97
13
87
85
70
90
27
12
87
35
56
92
57
86
51
75
87
75
25
77
84
77
15
32
38
73
15
79
92
36
62
81
73
38
76
32
36
54
42
29
64
71
34
55
19
81
28
34
44
72
65
94
68
99
90
75
56
39
54
63
51
87
29
67
28
90
77
96
79
86
37
92
15
56
83
99
72
12
96
93
47
11
74
13
37
49
81
80
96
100
39
19
85
51
78
98
47
11
39
69
96
12
38
27
21
38
15
58
44
72
20
72
83
52
37
56
88
54
43
92
69
74
54
98
94
39
18
64
93
78
88
28
99
23
33
37
24
36
76
30
98
56
53
29
40
37
79
33
31
75
35
60
49
55
13
84
11
20
45
19
60
55
95
83
25
78
98
66
54
97
59
22
49
91
53
41
74
100
17
22
55
78
60
58
25
99
47
17
95
75
41
55
64
10
73
52
75
28
38
57
77
28
88
50
100
61
39
60
15
96
10
32
82
41
84
68
15
69
10
95
97
48
94
86
46
27
78
27
67
92
24
47
100
99
55
22
57
83
16
82
13
27
96
12
12
44
51
62
92
34
86
65
59
51
18
34
74
79
42
45
100
26
32
57
99
67
45
97
71
87
24
78
26
80
41
92
71
28
74
56
80
19
71
11
49
51
90
92
52
13
60
21
45
63
78
97
41
20
41
11
64
53
46
79
54
82
44
92
85
21
92
78
43
18
97
37
17
34
81
40
37
13
21
74
74
28
10
84
54
63
57
14
95
67
87
22
18
67
44
55
24
30
75
100
27
25
83
66
28
50
11
68
14
27
15
52
37
83
63
15
41
90
87
78
10
80
21
88
92
98
96
76
72
85
34
17
97
63
60
68
80
77
80
66
56
42
54
85
21
56
99
54
77
100
40
68
15
84
45
36
97
98
77
71
21
40
83
67
59
99
11
84
21
71
48
26
38
61
34
59
18
51
58
86
20
44
22
76
28
79
52
45
38
25
77
67
28
11
92
48
91
93
61
34
14
53
39
22
48
91
48
14
14
97
97
82
87
35
54
41
65
72
58
99
13
51
95
31
90
41
79
86
48
32
79
92
27
86
70
59
27
22
72
93
29
54
71
100
32
51
57
75
73
96
72
43
74
63
32
12
67
45
21
81
53
35
43
40
67
60
16
19
25
31
47
63
78
90
86
96
38
42
67
29
47
92
36
20
100
35
69
21
41
94
58
18
70
22
13
80
76
28
92
37
35
53
83
57
14
84
47
72
84
18
95
53
25
82
93
45
49
76
54
12
82
32
29
44
73
55
68
17
25
99
71
87
19
92
98
37
92
20
58
61
66
83
45
48
36
94
92
49
45
15
91
73
34
66
95
33
88
96
69
36
40
17
70
30
24
20
17
43
26
11
59
34
77
63
14
92
95
99
14
36
63
66
73
57
80
37
94
13
34
53
15
39
35
11
10
89
91
86
33
67
70
53
94
28
86
99
17
27
67
63
16
18
34
14
62
78
62
78
57
37
34
24
84
33
29
43
37
91
47
93
23
18
100
25
48
97
29
46
26
66
80
31
43
90
66
26
29
37
91
64
43
94
96
56
17
33
46
68
74
71
40
16
21
99
78
75
40
73
98
90
35
22
27
18
82
89
86
33
28
63
55
97
62
39
15
10
90
85
28
55
21
61
35
61
86
94
76
16
26
97
77
90
88
76
44
18
69
29
62
97
17
47
47
68
93
11
15
79
94
13
23
46
93
80
50
80
95
72
91
89
42
52
67
83
19
40
24
90
13
55
99
35
35
70
15
29
17
91
83
42
52
96
29
94
94
53
65
28
45
40
45
27
44
66
19
71
10
58
46
52
67
29
26
92
66
81
26
18
77
22
51
44
47
74
70
93
49
97
76
63
66
41
18
61
61
29
74
26
34
13
62
100
71
15
12
44
10
85
10
89
85
28
51
61
23
26
62
36
64
50
17
98
76
12
49
71
15
46
62
41
20
24
47
38
69
39
51
90
87
48
11
30
67
45
64
25
57
65
78
49
34
31
15
92
63
86
36
24
49
57
66
27
85
43
45
20
88
99
34
13
88
31
25
37
22
46
63
79
69
86
95
61
85
29
87
55
81
10
59
39
55
44
12
78
77
85
73
99
36
51
56
60
15
25
56
46
90
16
18
36
64
34
12
69
21
84
34
89
39
69
72
28
17
90
84
63
28
46
50
84
95
79
94
89
61
52
20
21
13
25
74
96
80
60
53
40
79
93
47
15
32
63
63
31
91
19
59
24
11
74
55
42
45
60
43
97
89
15
38
93
75
61
92
35
66
50
66
28
12
99
18
24
46
20
92
78
28
67
53
89
53
41
51
61
10
41
26
33
92
86
72
34
14
15
13
77
83
51
13
31
33
18
13
63
45
24
74
54
47
58
54
69
55
72
96
95
51
55
50
49
23
14
34
10
70
35
72
12
100
92
72
91
27
35
32
38
70
97
94
91
72
61
23
49
53
68
44
58
65
83
34
31
28
40
62
29
93
91
39
94
97
95
30
39
96
22
10
53
25
47
45
32
27
94
43
57
67
11
24
76
71
40
45
79
78
44
42
17
15
15
58
17
39
35
28
35
14
65
99
56
14
76
51
40
34
14
66
76
93
29
99
34
67
30
19
84
37
91
97
36
47
61
21
33
40
100
62
46
18
63
73
100
53
52
12
53
45
26
18
80
65
26
88
97
100
71
85
47
71
66
57
61
28
66
14
20
65
49
67
100
33
58
37
55
60
57
36
74
36
38
20
14
55
93
79
23
99
66
62
42
56
19
54
90
27
72
61
13
42
62
47
25
85
83
51
75
16
65
96
14
79
76
52
74
25
82
41
52
13
22
100
13
62
80
13
11
22
73
37
59
66
25
91
77
74
71
74
83
24
86
45
76
18
60
30
49
36
77
62
46
47
43
79
73
17
31
38
50
36
97
66
18
78
23
55
57
10
22
79
15
38
32
83
93
20
48
78
92
22
73
73
87
87
36
16
53
10
99
28
82
20
76
45
51
29
47
90
44
18
78
27
37
74
53
92
13
86
87
93
47
41
83
64
98
81
67
32
11
15
68
84
59
20
100
84
31
79
93
21
66
41
15
55
47
24
66
34
59
100
47
92
22
57
65
32
92
23
37
33
10
13
12
53
36
54
79
100
76
92
11
78
35
25
27
40
100
56
69
87
58
41
61
51
39
22
38
22
28
31
23
21
65
74
87
92
50
60
67
65
22
77
20
93
87
72
17
98
63
68
78
53
91
29
36
31
21
61
90
94
96
77
52
69
28
23
79
55
32
18
80
29
76
93
25
55
97
33
38
76
41
79
67
37
12
35
37
85
84
36
18
12
84
17
67
44
14
88
88
91
44
56
51
47
34
58
61
80
96
35
39
48
75
25
66
65
67
42
63
57
34
27
87
27
29
19
66
46
61
74
77
24
76
96
71
36
70
10
12
46
59
87
82
35
32
85
38
18
66
87
29
27
22
13
50
88
93
29
91
50
65
10
81
30
84
11
23
78
35
30
84
43
70
81
14
86
51
23
23
82
51
95
45
29
31
56
55
75
38
38
74
11
17
29
85
61
48
83
49
84
51
98
52
85
34
54
23
36
11
73
59
66
83
93
100
42
48
60
11
25
78
34
25
91
39
60
94
45
42
28
93
48
39
66
97
85
33
38
83
48
31
34
54
100
72
31
39
15
77
58
10
15
59
92
36
51
53
63
89
89
85
63
43
42
21
50
37
40
31
39
50
72
22
91
66
81
34
69
38
85
53
56
95
92
39
87
80
98
78
58
89
95
21
87
67
90
34
42
81
18
42
61
33
63
44
86
42
86
91
83
32
76
39
67
21
11
74
81
45
83
15
67
19
30
44
72
95
16
71
39
74
19
57
47
99
11
79
92
88
67
87
64
78
41
75
62
24
35
28
93
50
80
52
33
20
87
100
70
41
61
33
52
76
71
12
47
81
43
75
79
80
31
91
27
62
44
30
81
87
60
68
43
89
84
63
67
21
46
69
24
32
64
91
29
57
40
86
49
46
22
24
44
22
68
35
86
57
36
46
39
66
38
13
16
98
23
55
37
98
70
35
13
39
40
100
27
96
31
98
69
23
47
12
17
67
100
34
20
10
90
59
47
88
28
73
72
27
55
54
64
65
51
97
35
69
28
90
93
66
88
77
78
98
18
68
12
20
57
88
19
42
85
62
48
93
14
73
82
88
42
52
61
61
38
68
40
98
25
69
79
80
47
89
10
14
93
54
70
80
45
47
15
56
20
96
14
46
34
36
55
57
81
22
17
85
15
60
69
77
52
23
41
49
80
89
60
83
64
70
96
80
43
48
95
42
12
70
16
30
39
29
69
64
10
57
30
71
28
90
71
43
43
79
100
57
18
42
47
71
26
37
74
74
33
98
67
17
61
48
91
63
21
59
11
43
49
42
62
19
51
40
37
80
43
83
89
82
15
100
46
40
62
94
89
74
15
99
12
50
16
27
22
13
76
88
21
98
59
82
84
50
19
62
14
51
28
38
34
51
53
70
77
31
24
47
12
84
13
34
92
79
100
80
26
54
49
61
33
81
52
81
99
56
16
87
44
69
92
45
49
60
37
40
57
79
66
55
82
49
52
64
96
17
70
96
13
40
30
88
31
37
13
99
31
66
48
63
96
95
100
83
39
59
10
18
17
44
43
88
81
81
43
46
79
85
70
37
32
13
82
90
56
81
11
78
51
88
44
83
11
80
28
38
64
12
46
97
50
64
64
51
11
23
93
86
100
32
76
83
92
46
64
75
41
88
88
57
89
35
15
60
92
69
41
60
23
84
66
93
12
77
11
54
89
63
38
84
86
89
69
62
86
63
52
92
79
48
46
97
91
27
70
75
61
92
28
79
74
47
76
25
27
32
52
33
23
73
38
37
78
31
67
84
100
41
62
31
44
26
100
10
62
65
45
92
64
27
76
52
29
25
64
48
42
43
68
22
62
70
28
54
23
17
43
76
17
68
47
44
51
67
61
82
42
100
37
100
12
29
89
60
61
47
61
33
96
68
95
43
14
97
22
20
51
62
82
63
97
78
68
78
42
20
70
66
43
55
91
63
49
99
38
87
10
22
66
62
48
66
51
11
66
84
88
61
36
39
78
89
63
64
12
16
23
97
10
14
38
95
46
59
31
34
97
20
42
45
69
29
64
38
10
42
87
70
16
93
11
41
41
87
12
21
78
69
69
93
46
67
74
45
12
72
40
2225 1
2611 2
62 3
240 5
349 6
38 8
1070 9
124 15
2997 20
285 23
70 28
153 29
2306 30
2528 33
954 34
2668 37
2462 38
998 41
1646 44
2701 45
1646 50
2509 53
1473 55
1575 56
2432 59
1272 61
2687 63
1356 64
2341 69
1492 78
2354 79
497 80
1435 82
313 83
1963 84
2903 87
1564 90
1160 93
2554 96
710 101
2288 104
1525 105
213 109
2648 110
2571 114
2553 119
664 120
946 122
2226 123
2938 126
2621 127
2983 130
1006 131
783 132
2124 136
696 137
1796 139
817 142
1396 143
1911 145
906 147
2913 149
2400 150
1962 160
513 161
1232 162
1070 163
2092 164
295 165
1836 169
2780 173
403 174
2015 183
2125 187
1908 191
2235 197
585 200
2027 201
1920 203
1794 205
2665 206
850 207
1200 210
1366 213
2357 215
2769 217
75 219
22 222
1158 22
1129 223
2714 224
711 228
2659 230
2897 235
57 240
1988 241
1506 243
1115 245
1452 246
106 247
2400 248
1385 249
1562 251
2988 255
1679 256
176 283
1549 286
2675 288
2973 294
2522 298
436 300
2864 301
1373 302
354 317
1692 318
363 319
192 322
1532 325
711 326
688 327
2545 328
2065 329
2769 332
704 333
401 334
754 336
18 338
1377 18
167 340
2166 343
2631 344
1826 348
635 349
1217 352
1322 355
2235 359
2664 360
650 361
2889 362
263 363
2046 263
1673 364
1218 365
1422 367
2792 370
401 371
1272 376
2125 379
749 380
2290 381
2054 385
491 392
196 393
1494 395
2508 396
1668 397
883 398
117 401
600 117
2149 406
2462 411
2410 416
1302 418
291 421
1510 422
910 423
2187 424
1741 425
192 428
1525 430
407 432
347 433
2176 437
1143 439
2556 441
1043 443
560 446
2760 447
641 451
927 453
475 459
2180 466
2037 468
285 472
57 477
2334 57
1362 485
356 488
710 356
1055 489
1504 490
354 491
1903 492
1672 497
2992 501
1595 502
103 507
353 103
2235 353
2202 509
2943 510
2559 511
504 512
1843 504
1859 516
644 519
1900 523
2407 526
463 527
129 528
2611 529
134 531
2426 535
829 542
1668 544
1245 548
1599 549
2354 552
233 553
140 557
974 140
2830 567
707 569
2492 571
2347 573
1501 575
1377 577
1451 584
1057 590
1616 595
2207 600
1401 601
2726 603
478 604
1376 605
280 608
2753 610
264 611
2724 613
457 616
2923 617
2239 620
731 621
21 622
92 21
709 630
2062 631
404 633
1213 404
2163 634
2025 637
1908 638
505 641
843 505
2513 642
1405 644
745 646
568 649
2560 651
1108 653
2656 655
1476 659
2810 660
259 662
2195 259
155 666
740 667
2697 668
2717 669
521 671
2848 672
581 673
199 581
1275 674
1899 675
2220 682
913 684
280 688
190 689
2610 691
733 697
2142 707
2573 711
159 712
2955 714
623 715
1491 716
1847 720
226 722
2134 226
786 725
2092 727
1571 732
1388 733
636 737
981 636
390 738
1095 744
911 746
1830 747
420 752
2670 753
966 757
2474 759
2001 761
479 762
751 764
723 766
310 774
856 777
1260 779
913 780
1340 786
2174 789
1425 791
2239 794
138 798
2709 138
1530 799
1389 801
1603 803
1497 805
2261 810
2173 811
2615 814
883 815
1785 816
824 818
1950 821
1940 822
2765 823
965 824
1494 826
2799 827
1176 831
456 833
1595 836
1286 837
413 838
316 839
282 841
978 848
2249 851
895 854
154 862
2299 154
1601 864
2563 866
1632 870
1297 871
686 872
2747 686
431 873
1836 874
2823 875
282 878
1153 282
1912 879
1468 880
1614 883
448 885
2767 891
2268 893
857 894
758 857
42 895
1913 42
2993 897
855 898
1331 855
2733 899
1850 901
1271 902
1297 903
1031 905
1543 906
2287 908
2976 911
1088 913
2103 914
2623 916
49 919
2555 49
277 921
701 277
1207 924
907 925
2349 926
1910 927
1663 928
1530 930
2300 931
2935 932
740 935
2803 937
2476 939
520 940
1958 942
2876 943
1453 944
1398 945
2218 947
2924 950
2193 953
1881 954
1723 955
1997 956
1729 957
1005 958
1035 959
2106 961
2039 962
2931 965
1843 966
2765 968
2512 970
2920 971
1233 972
536 977
2207 536
2403 980
2808 983
1589 990
989 993
2298 994
1868 998
808 999
952 1000
2562 1006
1994 1008
735 1011
254 1012
52 1019
2731 52
2308 1020
1855 1023
663 1032
543 1033
1574 543
910 1036
748 1037
1209 748
1469 1043
199 1044
580 199
1494 580
1177 1046
258 1050
695 1053
1344 695
1946 1054
1106 1055
2098 1060
2477 1061
915 1062
2606 1064
888 1066
887 888
1478 1067
1554 1068
2989 1070
2182 1072
1278 1076
2432 1087
2317 1088
612 1089
2072 1090
2798 1091
91 1094
2389 91
2053 1102
1466 1103
2729 1111
847 1114
1056 847
1256 1056
612 1115
2425 612
2977 1117
2403 1120
1498 1121
1380 1122
1660 1124
1965 1126
2825 1127
1987 1128
1903 1130
522 1131
521 1136
1396 521
68 1137
734 68
2532 734
208 1139
2803 208
409 1144
1021 1145
2100 1021
1097 1146
783 1147
1174 1148
602 1151
308 1156
335 308
2724 1159
1352 1160
763 1163
290 1164
1478 1166
2563 1168
1230 1169
43 1170
2146 1171
743 1175
2773 1177
156 1181
227 156
2494 227
1271 1183
2101 1184
1914 1185
2015 1195
2411 1198
1001 1201
2074 1205
1042 1206
922 1042
1977 1208
1463 1209
1242 1211
2186 1214
2350 1217
1290 1218
545 1219
1665 545
2412 1220
1141 1223
2656 1141
1306 1225
1671 1226
232 1229
1063 1230
284 1063
192 284
623 1232
1604 1234
158 1235
211 1240
2208 1242
1959 1243
2743 1245
933 1246
1888 933
1312 1250
268 1251
2772 268
2469 1252
802 1253
1439 1256
1241 1257
449 1260
70 1261
19 1264
1908 1265
2160 1266
2661 1267
607 1268
2718 1271
457 1273
679 1274
2993 679
2496 1277
1434 1279
40 1281
180 40
2427 180
1977 1282
1623 1285
2119 1287
619 1292
1891 619
2797 1294
2094 1295
1319 1296
2290 1297
1030 1300
976 1302
1410 1303
1830 1310
2764 1313
1682 1314
1544 1315
1702 1320
124 1322
763 124
2641 763
915 1324
1950 1326
1093 1327
1290 1328
2137 1330
1083 1331
1993 1083
992 1337
181 1338
1848 1340
2192 1341
2991 1344
2700 1347
297 1348
551 1350
677 551
2236 1351
869 1355
1024 869
1792 1024
2998 1357
1441 1361
2849 1362
2786 1373
1402 1374
1493 1376
2078 1378
1519 1379
721 1380
190 1381
2897 1384
1013 1386
1204 1013
2162 1388
2423 1393
2937 1394
2365 1397
1249 1399
861 1249
2014 1402
2940 1405
1684 1406
1924 1407
645 1409
2329 1410
1478 1411
2480 1412
2963 1418
440 1419
476 440
2356 1420
2878 1421
683 1423
2260 683
2682 1428
2814 1429
2546 1431
2368 1433
1619 1435
795 1437
135 1439
1588 1441
1191 1442
1650 1444
723 1448
351 1449
1026 1450
1861 1452
723 1454
2780 723
2158 1457
476 1458
2885 476
1949 1462
27 1468
62 1471
1197 62
188 1197
996 188
514 996
1872 514
2215 1473
172 1477
2630 1479
2985 1480
825 1483
1657 1486
2003 1489
2482 1492
978 1497
685 1499
1425 685
1153 1500
1158 1502
253 1158
281 253
1312 281
89 1503
2924 89
1474 1505
239 1506
181 239
458 181
2687 1507
1152 1510
1641 1152
2521 1512
242 1515
1809 1517
2048 1519
2787 1520
1836 1521
713 1523
1555 713
1417 1526
1228 1527
1334 1529
2781 1334
1422 1530
2607 1422
2367 1531
1645 1533
582 1534
1836 1535
2107 1537
1745 1538
770 1539
1593 770
964 1540
292 1543
2879 1544
508 1546
1637 1547
2327 1548
724 1549
1084 1551
2469 1552
1048 1554
2405 1555
1172 1556
767 1558
2850 767
1108 1559
2974 1560
2382 1561
1440 1564
17 1565
1611 17
2137 1569
2020 1571
694 1575
693 694
2885 1576
2458 1578
112 1579
2039 112
419 1580
1923 1585
2921 1586
2470 1589
868 1591
2933 1592
1283 1595
2359 1599
1465 1603
1765 1465
1132 1608
698 1616
1174 1618
2564 1621
209 1622
311 209
1563 1623
2418 1563
2620 1626
2394 1627
797 1632
1702 797
2715 1633
479 1635
1463 479
307 1463
515 307
2288 1636
643 1638
2522 1639
1342 1640
2412 1643
1957 1647
2021 1648
2077 1652
2496 1653
368 1657
2757 368
1937 1658
948 1662
481 1665
1112 1666
588 1668
2339 588
975 1669
464 1671
1584 1673
661 1584
1887 1674
2043 1677
1877 1679
1619 1680
506 1619
2213 1684
877 1685
709 877
719 709
1928 1689
597 1691
2165 597
2698 1694
19 1696
1258 19
238 1698
2961 238
703 1701
1513 703
564 1513
1321 1703
2686 1704
775 1705
212 1706
2930 1707
2253 1714
1982 1716
881 1717
2270 1719
773 1720
936 773
1305 936
1395 1305
572 1395
640 1721
2966 640
2266 1722
825 1723
382 1724
2425 382
296 1726
1352 296
508 1727
1038 508
555 1728
2687 1729
465 1730
2690 465
170 1734
342 1738
2478 1743
570 1746
1631 1754
1272 1757
2649 1758
1516 1764
2699 1516
670 1765
2615 670
2285 1768
1319 1769
844 1319
1308 1772
2001 1774
151 1776
693 151
2532 693
1747 1777
2064 1778
2887 1780
97 1782
547 1783
1605 1784
2793 1786
321 1787
628 1789
475 1790
785 1791
1692 1794
1332 1692
2547 1795
1472 1800
1203 1801
2488 1203
721 1802
1821 721
1605 1803
2365 1804
807 1805
1661 807
2377 1806
1847 1810
14 1811
2454 1812
1508 1813
2559 1815
495 1816
2033 495
2704 1818
593 1819
1566 1821
1761 1566
2129 1761
426 1823
1193 426
690 1193
2245 1824
2698 1827
2375 1829
346 1831
176 1832
2965 1833
481 1834
2607 481
1501 1835
2170 1501
778 1836
100 778
1192 1839
1788 1842
2756 1788
992 1843
335 1844
2310 1845
2914 1849
832 1852
2232 1855
756 1856
1528 756
2193 1528
2780 1857
454 1858
995 1861
1688 995
2098 1688
2969 1862
2534 1864
1359 1865
530 1870
2349 1871
1474 1872
1744 1474
2714 1874
1712 1875
1478 1877
2348 1478
1756 1881
1030 1756
1238 1030
1461 1882
43 1886
2840 1888
1204 1889
1237 1204
1487 1890
225 1891
2401 225
1352 1892
1445 1352
2801 1445
790 1894
229 790
1983 229
4 1897
499 4
2417 1899
522 1901
1525 1902
1553 1525
73 1903
2490 1906
1656 1907
2716 1912
540 1913
2885 1916
1820 1917
1675 1820
419 1675
1841 1921
1557 1841
2152 1557
152 1922
1432 152
2115 1432
572 1924
1370 1925
1629 1927
2246 1929
2766 1931
1695 1933
58 1934
2837 1941
635 1942
1207 635
665 1943
1642 1944
2716 1642
735 1946
2448 1947
2372 1948
2681 1950
1951 1952
2740 1953
2533 1958
1188 1962
2637 1965
1192 1967
1828 1192
1318 1828
1248 1969
1710 1248
289 1710
1472 289
257 1472
2839 257
706 1973
2812 706
1371 1975
2066 1977
1001 1978
2122 1980
1936 1981
657 1936
2071 657
570 1985
1625 570
896 1625
2017 896
1222 1987
2203 1991
2252 1992
2386 1994
1109 1995
1755 1998
696 2000
391 2004
1345 391
2519 1345
496 2005
802 2008
1713 802
311 1713
1233 2010
2056 2011
520 2013
1398 520
1690 2015
2550 2017
2806 2018
1323 2019
2947 1323
1695 2024
442 1695
236 442
1231 2027
2415 1231
2239 2029
2852 2031
1779 2033
550 1779
578 550
250 578
316 250
1630 316
195 1630
475 195
1609 2037
478 1609
1699 2038
700 1699
25 700
436 25
1311 2039
1293 1311
1562 1293
1258 2040
48 1258
1971 2042
627 2044
609 627
558 2046
2403 558
2400 2049
1104 2053
969 2055
2649 969
2610 2057
853 2058
1081 853
1375 2061
2530 2062
2411 2063
193 2065
2098 2067
1718 2068
680 2069
1767 2071
16 1767
1360 16
2744 1360
2301 2072
2723 2076
1993 2077
1025 1993
144 1025
2768 144
1187 2078
1059 2082
1869 1059
809 1869
564 809
1123 564
1176 1123
2472 2083
565 2085
1670 2086
2060 2087
1095 2091
2616 1095
1125 2093
623 2094
2609 623
2472 2095
1956 2096
1377 2097
1508 1377
626 2098
829 626
1567 829
48 2102
2176 2103
1488 2105
1382 1488
1853 2106
12 2109
2693 2110
2455 2112
2519 2115
2104 2119
2977 2120
2916 2126
1387 2129
946 2132
2350 946
2799 2133
1848 2137
445 2139
2380 2140
242 2142
2446 2143
960 2146
2901 960
1475 2147
285 1475
1222 285
594 2149
258 2150
2342 258
1125 2152
2901 1125
214 2153
524 214
533 524
2366 2155
1796 2157
2969 1796
2124 2158
2270 2169
2001 2170
1191 2171
2464 1191
2600 2173
1336 2174
1259 1336
304 2176
2598 304
867 2177
1963 867
760 1963
265 760
2724 2179
1612 2180
2781 1612
2167 2181
1598 2182
817 1598
1762 2183
1022 1762
2600 1022
1678 2184
2138 1678
840 2189
1065 840
2006 1065
2965 2191
1290 2192
835 1290
1074 835
639 2193
904 639
1018 2195
1272 1018
2720 2196
1015 2197
856 2198
2917 856
2653 2200
2205 2201
2951 2204
2852 2205
2640 2206
534 2208
1490 534
58 1490
483 58
2609 483
2020 2209
677 2211
1392 677
487 1392
159 2213
1236 159
1867 1236
2721 1867
2006 2216
2131 2218
1641 2131
1731 1641
515 2220
2606 2222
1079 2223
2889 1079
1109 2225
2199 1109
2121 2229
1567 2232
2787 1567
2993 2234
2156 2238
561 2239
1524 561
471 2240
2922 471
1911 2242
2610 2243
2770 2244
2969 2246
2485 2247
1194 2249
1614 2250
2674 2252
1742 2256
500 1742
2317 2257
1846 2260
1040 1846
54 2261
1911 54
2511 2262
708 2264
2233 2266
216 2233
2899 2268
1577 2271
2676 1577
1629 2272
997 1629
2108 2274
1048 2108
2790 1048
973 2276
1255 973
417 1255
1194 2277
2136 1194
1304 2280
997 1304
475 997
941 2281
690 2283
2432 690
1202 2284
705 2285
276 705
2445 276
1370 2287
1733 1370
2001 1733
1016 2288
2241 2289
920 2290
2473 920
171 2293
292 171
2041 292
176 2294
402 176
1715 2296
1752 1715
2878 2300
2121 2307
765 2309
280 765
387 2311
2090 387
1955 2090
1367 1955
1460 1367
2009 1460
2510 2312
2235 2313
2159 2235
2020 2315
400 2020
2751 400
1417 2316
493 1417
290 493
2495 290
2946 2318
2175 2321
2698 2322
643 2323
884 2324
2414 2328
1451 2332
1289 1451
1504 1289
1773 1504
2671 1773
800 2333
1988 800
1650 2334
2701 1650
2409 2335
1785 2337
1972 1785
279 2338
2513 279
1001 2339
2549 1001
2221 2340
585 2221
2016 2341
1568 2342
1153 1568
2114 1153
1078 2114
1737 2343
2035 1737
2588 2035
1817 2344
295 2346
846 2348
321 846
2210 2349
517 2352
2154 517
1860 2353
1167 1860
1850 2356
2811 2357
1335 2358
2231 2360
1309 2231
2070 1309
1751 2070
2203 2363
1725 2203
129 2364
320 129
1496 320
2855 2365
1750 2368
2613 1750
1763 2369
1241 2373
88 2374
1038 88
2050 2376
1237 2378
2844 1237
2580 2380
2423 2381
135 2383
1135 2384
819 1135
602 2385
310 602
606 2386
1709 606
2552 1709
2771 2387
1915 2391
435 1915
1275 435
403 1275
408 403
2825 2392
2579 2395
2025 2396
2165 2025
1817 2397
654 1817
431 654
1366 431
2982 2399
2715 2400
2417 2401
1312 2402
1663 1312
2175 2404
498 2175
342 498
547 2406
454 547
1937 454
167 2407
742 2408
541 2409
2009 541
1896 2410
587 2411
1960 2413
2433 2414
804 2415
741 804
1453 2416
2185 1453
73 2419
1155 73
2245 1155
1408 2420
2933 2422
1476 2423
2081 1476
2659 2081
1349 2424
383 1349
1740 383
2660 2426
2510 2427
1919 2428
2817 2429
1631 2432
2593 1631
1372 2433
1359 2435
419 2436
2483 2438
175 2439
460 175
1366 2440
751 1366
1495 2441
1051 1495
830 1051
1038 830
266 2442
985 2443
2613 2445
233 2446
337 233
1928 2447
1572 2448
702 1572
585 2450
2864 585
963 2452
2816 963
1983 2453
448 1983
650 448
718 2455
1470 718
1093 2456
1002 2460
2099 1002
2034 2099
2852 2461
2482 2462
420 2463
496 420
2982 496
917 2465
2771 917
1009 2466
948 1009
2974 2467
2122 2470
452 2471
155 452
384 155
2904 384
1118 2472
412 1118
1880 412
2878 1880
100 2473
314 100
1601 314
2978 1601
2207 2477
1910 2207
65 1910
413 65
1646 413
487 2478
193 2479
2517 193
755 2480
1600 2481
1999 2483
1239 1999
538 1239
1683 2484
185 1683
374 185
2632 374
1434 2485
2259 2486
266 2259
2985 2489
1272 2490
2905 2491
2731 2493
237 2494
643 2496
1759 643
414 2499
1049 414
167 1049
1174 167
978 1174
133 2500
26 133
1613 26
2089 2502
1005 2089
478 1005
1426 2505
2012 1426
72 2012
2134 72
2691 2134
2185 2506
2834 2185
2156 2507
2563 2508
1604 2511
2054 2512
2651 2054
699 2513
769 2515
1112 769
1400 1112
967 2516
2367 967
1908 2518
1075 1908
1825 1075
1038 2519
1771 1038
212 1771
2852 212
1202 2520
1105 1202
2224 1105
1582 2224
574 1582
582 574
2509 2522
2612 2509
852 2525
2045 2526
591 2045
2059 2527
2946 2529
1283 2530
2673 1283
1825 2531
589 1825
2459 589
1440 2459
1150 1440
172 1150
701 172
1107 2532
813 1107
1375 813
2609 1375
43 2533
234 43
1654 234
1918 2534
2219 2535
735 2219
1838 735
475 2536
1082 475
2551 2537
2914 2538
1588 2540
2362 1588
2023 2362
2632 2542
2728 2545
1672 2546
2123 1672
704 2123
1744 704
2043 1744
2202 2043
1487 2202
2148 1487
312 2547
354 2549
2821 354
2006 2552
2292 2553
51 2292
2371 2554
1039 2371
1189 2555
1007 1189
1045 2556
1905 1045
719 2557
2741 719
539 2559
1199 539
2593 1199
2145 2560
1149 2562
964 2564
1524 964
1809 1524
299 1809
2263 2566
2764 2263
2217 2569
1016 2217
35 1016
1920 2570
1884 2571
2849 2572
1443 2573
750 1443
1470 750
196 1470
2080 196
2124 2574
2917 2124
2928 2578
910 2579
2658 910
179 2581
1116 179
2819 2582
1485 2584
2066 1485
2370 2066
2366 2586
2474 2366
918 2587
618 918
2002 618
1244 2002
2187 1244
2958 2187
1182 2589
2504 2591
1434 2504
1321 2592
409 1321
407 409
1162 407
1739 1162
907 2593
730 907
783 730
2148 2595
1620 2596
2747 1620
2947 2598
2327 2599
269 2327
1938 269
1996 1938
1661 1996
2270 1661
1179 2270
1682 1179
2282 1682
324 2600
1775 324
1196 2601
1562 1196
2325 1562
1276 2325
1413 1276
36 2602
2617 2603
178 2604
1077 2607
2036 2608
2698 2036
1814 2609
261 1814
1909 261
532 1909
461 532
1142 2610
743 1142
194 2612
1651 194
614 2614
1607 614
2279 2615
1085 2279
787 1085
858 2616
2278 858
665 2278
244 665
1898 244
373 1898
1883 373
1954 2617
309 2620
656 309
2624 656
2561 2624
1430 2561
125 1430
2565 125
2382 2565
2079 2626
2968 2079
1270 2627
599 2629
1593 2630
2199 2631
2577 2632
2987 2577
2172 2633
1700 2172
2118 2636
1332 2118
457 1332
457 2637
2458 2638
1119 2640
2833 1119
1879 2641
2876 2642
1613 2643
2425 1613
66 2425
1307 2646
1356 1307
1221 2647
2136 1221
2521 2136
828 2521
2760 828
499 2648
2656 499
2088 2649
772 2088
1747 2651
97 2652
1364 2654
1425 1364
237 1425
2873 237
2451 2655
306 2451
415 306
1082 415
177 2656
1400 2657
2100 1400
1741 2100
1989 2658
2983 1989
2982 2659
2888 2660
775 2663
1097 2664
986 1097
844 2667
2236 844
2583 2236
1956 2583
678 1956
1424 2668
2762 1424
1945 2669
2691 1945
2228 2671
2982 2674
729 2675
2345 729
755 2345
1134 755
252 2676
538 2677
586 2679
782 2680
2051 782
609 2681
2188 609
1371 2188
1447 2682
2870 1447
1751 2683
1365 1751
859 2684
788 2685
540 2686
2135 540
1222 2135
1086 2687
860 1086
1930 860
1951 1930
1939 1951
1138 1939
266 2688
2510 266
503 2510
1708 2690
1057 1708
2895 2691
2299 2692
2367 2299
985 2694
741 985
1702 741
1259 2695
538 1259
484 538
2178 484
7 2178
2253 7
949 2253
2330 2697
2944 2698
982 2699
978 982
106 2700
2305 2701
1173 2702
467 1173
576 467
559 2703
792 559
599 2704
2918 2705
1656 2706
1092 1656
1759 1092
2434 2707
1509 2709
2164 2710
2026 2164
2942 2712
984 2713
2475 2714
1697 2716
1663 1697
1866 1663
2354 1866
2111 2354
10 2717
2297 2718
1859 2719
60 2722
981 60
92 2724
900 92
592 900
272 592
2145 2725
190 2145
678 2729
12 678
1110 2730
2121 2733
2947 2734
1597 2735
781 1597
313 781
1887 313
1299 2736
676 1299
2241 676
2251 2737
1964 2738
190 1964
2867 2739
1848 2740
1333 2743
2476 1333
2922 2746
2666 2747
1628 2666
128 1628
1920 128
1863 1920
1469 1863
2127 1469
2034 2127
2984 2748
1624 2749
1536 2752
1154 1536
586 1154
2844 586
312 2753
2715 312
2619 2715
2672 2619
486 2672
2993 486
1482 2754
572 2756
1797 572
494 2757
480 2759
2580 480
347 2580
2372 347
2255 2760
1180 2763
1401 1180
1532 1401
2920 1532
923 2764
2977 923
2850 2765
2745 2766
2495 2767
1233 2495
1949 1233
1078 2769
1093 1078
2613 1093
681 2771
134 2772
986 134
979 986
2635 2773
1570 2635
2113 1570
2689 2113
1308 2774
1385 1308
2745 1385
31 2745
2034 31
323 2034
1263 323
94 1263
787 94
372 787
2138 372
2779 2775
2970 2776
845 2780
1354 2782
190 1354
1058 190
1986 1058
518 1986
460 518
859 460
2269 859
2304 2269
2060 2304
1826 2060
892 2783
1736 892
1596 1736
260 2784
2661 2785
849 2661
1971 849
2817 2786
153 2787
429 153
273 429
1614 273
2165 1614
2644 2788
2026 2644
2394 2790
1398 2394
1508 1398
1740 1508
607 1740
1466 607
311 1466
1775 311
2980 1775
2936 2791
2162 2792
2468 2162
1438 2793
974 1438
2594 2794
1356 2594
67 1356
1101 67
1885 1101
158 1885
1186 2795
1574 1186
1735 1574
2653 2796
182 2797
330 2798
1272 330
876 2799
1222 2800
2541 1222
1853 2801
189 1853
2917 189
95 2802
594 95
1926 594
2305 2803
10 2305
2166 10
2393 2804
220 2393
2412 220
2215 2412
1878 2215
2827 1878
1140 2806
2167 1140
2355 2167
2909 2355
2751 2807
949 2808
696 949
740 696
287 740
1752 287
2161 1752
1541 2161
1655 1541
1748 1655
2210 1748
1015 2809
2199 1015
2254 2811
102 2254
2488 102
1670 2488
1278 2812
2227 2813
1605 2815
2974 1605
1634 2817
2165 2818
2104 2821
2032 2104
2575 2032
2770 2575
297 2823
680 297
1550 680
158 2824
1755 2825
487 1755
2993 2826
1997 2827
1826 2828
115 1826
2434 115
1923 2434
1822 1923
989 1822
1732 989
2942 1732
506 2830
1604 506
876 2832
1212 876
107 1212
2482 107
270 2482
772 270
2822 2833
1434 2834
1522 1434
1731 1522
98 1731
562 98
2059 562
342 2059
449 342
2563 449
2454 2563
1847 2454
434 1847
2084 434
796 2835
2016 796
979 2836
2317 2837
1482 2838
24 1482
1200 2839
2101 1200
615 2101
303 615
775 2840
1104 775
303 1104
2156 303
881 2156
2548 881
445 2548
731 445
236 731
2030 236
2863 2030
2359 2841
108 2843
1971 108
1968 1971
783 1968
455 2844
1329 455
2768 2845
331 2768
1498 2846
889 1498
647 2847
1972 2849
1759 1972
702 1759
1659 2851
652 1659
2487 652
1932 2487
1739 1932
546 1739
2670 546
941 2852
1040 941
1396 1040
265 2856
1725 265
2922 2857
1481 2858
1207 2860
1518 1207
1325 1518
2742 1325
2047 2742
2007 2047
1896 2007
2418 2861
658 2863
2492 2864
1596 2492
1134 2865
2645 2866
2934 2645
1884 2868
1456 1884
252 1456
1353 2870
533 1353
1959 533
2869 1959
583 2869
1084 583
405 1084
464 405
1840 464
39 1840
2372 39
2308 2372
2751 2308
566 2751
1113 566
1280 1113
1496 1280
2382 1496
1711 2382
1031 1711
1895 1031
1359 1895
1583 1359
2662 1583
687 2662
554 687
984 554
503 984
1637 503
1227 1637
661 2871
469 661
408 2875
1459 408
2876 1459
2829 2877
2302 2878
2228 2302
2227 2228
2080 2227
2230 2080
515 2230
457 515
1182 457
2819 1182
1339 2819
915 1339
758 915
178 758
1553 178
2888 1553
2859 2879
1408 2859
1291 1408
184 2880
912 184
2673 912
1052 2882
2028 1052
2052 2028
260 2883
1167 260
231 1167
1026 231
2867 1026
1859 2884
2758 1859
2130 2758
427 2130
1606 427
2528 1606
582 2528
1014 582
299 1014
884 299
1404 2885
76 1404
2267 2886
394 2267
842 394
2476 842
2417 2476
981 2417
2689 981
2275 2689
1509 2275
1029 2887
1542 1029
1414 1542
1213 1414
254 1213
808 2888
1914 2890
2390 1914
1868 2390
2567 1868
863 2567
121 863
1383 121
1035 1383
177 1035
988 177
587 2891
886 587
2210 886
2021 2210
2850 2021
2999 2850
1763 2892
2199 1763
2720 2199
2084 2720
2319 2084
2902 2319
1415 2893
2905 1415
1918 2894
2974 1918
168 2897
2009 168
1654 2009
1132 1654
2403 1132
482 2403
1646 482
2377 1646
2524 2377
111 2524
1403 111
2732 1403
456 2732
1634 456
1329 1634
2190 1329
450 2190
2163 2899
2708 2163
1247 2708
2881 1247
470 2881
2375 470
2622 2375
341 2622
1494 341
410 1494
2048 2900
2449 2901
2948 2449
2464 2903
1138 2464
74 1138
351 74
1493 351
377 1493
1317 377
2151 1317
331 2151
817 331
1010 817
1028 1010
2194 2905
1224 2906
793 1224
2138 793
1887 2138
1069 2907
166 1069
1851 166
1133 2908
1238 1133
1940 1238
850 1940
118 850
2625 2909
2186 2910
2576 2911
2814 2576
48 2814
2924 48
1984 2912
1270 1984
1883 1270
978 1883
378 978
1830 378
2437 2913
708 2914
2418 2915
2474 2918
1645 2474
2128 1645
2116 2128
2514 2116
1911 2514
2650 1911
1039 2919
1793 1039
664 1793
1602 2920
458 1602
922 458
85 922
598 85
135 598
2523 135
2359 2523
1735 2359
698 2921
2431 698
2421 2922
2501 2421
2650 2923
563 2650
2639 563
2351 2639
882 2351
596 882
1108 596
2286 1108
948 2286
1851 2924
2064 1851
1436 2064
2056 1436
2831 2056
389 2925
487 389
1700 487
1318 2926
1770 1318
2831 1770
99 2927
1427 2929
625 1427
2904 625
1343 2904
2226 2931
2475 2226
2370 2475
2781 2370
1997 2781
2744 2932
252 2744
2611 252
2711 2933
2874 2711
2726 2934
717 2726
1272 2936
909 1272
1798 909
390 1798
1873 390
2379 1873
1615 2379
987 1615
1467 987
2731 1467
1781 2731
438 2937
1617 438
2159 1617
2916 2159
2186 2916
2544 2186
494 2544
186 494
2761 186
1961 2761
2876 1961
24 2876
593 24
278 2938
46 278
2625 46
1004 2625
2770 1004
2517 2770
845 2517
1919 845
1928 2940
1960 1928
1491 1960
951 1491
2444 951
1974 2941
32 1974
157 2943
2003 157
2457 2003
2727 2457
1976 2945
1905 1976
2986 1905
1676 2947
2350 1676
2693 2350
36 2949
1481 36
1007 2950
2789 1007
1074 2789
1335 2951
1781 1335
232 1781
2829 232
1371 2829
717 1371
1511 717
743 2952
2331 743
834 2331
1644 834
2618 1644
198 2618
2329 198
116 2329
267 2953
2873 267
1604 2873
366 2954
2297 366
726 2297
2051 726
591 2051
2779 2956
1664 2779
1693 1664
337 2957
75 2958
97 2959
772 97
106 772
852 106
1157 852
785 2960
1389 785
2721 1389
2458 2721
708 2458
386 708
47 2961
254 47
1365 254
948 1365
832 2962
2144 832
1071 2144
1957 1071
375 1957
1760 375
2696 1760
568 2696
1369 568
450 1369
2347 2963
2298 2347
2468 2298
1027 2964
1900 1027
2165 2965
1161 2966
204 1161
2895 204
2361 2967
2430 2968
417 2430
118 417
264 118
2805 264
2928 2805
1990 2928
1904 1990
1363 1904
513 1363
2212 2969
1611 2971
2237 1611
1464 2237
1982 1464
369 1982
2990 369
2590 2972
2621 2590
1241 2621
339 1241
410 2973
710 410
337 710
27 337
2265 27
2665 2974
2898 2665
1587 2898
2111 2976
1896 2111
890 1896
2777 890
736 2777
2361 736
1741 2361
825 1741
1702 825
141 1702
1368 2977
2854 1368
1178 2854
32 1178
2975 32
2613 2975
75 2613
513 75
952 513
262 952
2670 2978
216 2670
2265 2979
792 2265
2948 792
1600 2948
216 2980
274 216
2336 274
645 2336
1077 645
2314 1077
1215 2314
2141 1215
2750 2141
2388 2750
2154 2388
1954 2154
388 1954
2867 388
1149 2867
783 1149
1838 783
1735 1838
1681 1735
2551 1681
1610 2551
2762 1610
560 2762
565 560
2853 565
1165 2853
1593 1165
784 1593
2872 784
2501 2872
1187 2501
2831 1187
350 2831
275 350
444 275
2437 444
2874 2437
77 2874
1797 2982
1081 1797
2301 1081
1116 2301
450 1116
1600 450
628 1600
1316 628
2741 2983
938 2741
1298 2984
2166 1298
2014 2166
1604 2014
2930 1604
182 2930
2001 182
2022 2001
2418 2985
2468 2418
1919 2468
2728 1919
345 2728
473 345
1879 473
310 1879
1792 310
2611 1792
1017 2611
2723 1017
2023 2723
2245 2023
2889 2245
1047 2986
1700 1047
1970 1700
2168 1970
305 2168
808 305
530 808
1926 530
192 1926
1284 192
2727 1284
976 2987
2367 976
148 2988
500 148
2074 500
51 2074
1848 51
2303 1848
658 2303
2778 658
861 2778
1143 2989
66 1143
624 2990
2543 624
663 2543
1100 2991
806 1100
2942 806
1455 2942
2498 1455
929 2498
2623 929
1269 2623
1837 1269
988 1837
146 988
1573 146
2585 1573
1545 2585
2653 1545
66 2653
358 66
12 358
2122 12
2634 2122
934 2634
1693 2992
1190 1693
1649 1190
2889 1649
1509 2889
663 1509
2820 663
218 2820
819 218
2092 819
2320 2092
632 2320
11 2993
1514 11
2026 1514
13 2026
795 13
1484 795
2160 1484
463 2160
2317 463
776 2317
1594 776
1188 1594
2006 1188
749 2006
86 749
1286 86
702 1286
868 2995
346 868
974 346
1157 974
293 1157
699 293
1413 699
1481 1413
1587 1481
1446 1587
116 1446
861 116
339 861
2550 339
1210 2550
739 1210
99 739
1830 99
2405 1830
525 2405
474 525
478 474
2048 478
1254 2048
335 1254
702 335
77 702
2541 77
2896 2541
2503 2896
202 2503
1073 2996
2251 1073
71 2251
948 71
2955 948
754 2955
2121 754
1382 2121
1176 1382
1667 1176
1082 1667
461 1082
81 461
2939 81
692 2939
1003 692
1854 1003
1590 1854
788 1590
2558 788
648 2558
1935 648
865 1935
469 2997
2306 469
35 2306
1301 35
2606 1301
745 2606
2935 745
70 2935
992 70
1979 992
2050 1979
2444 2050
1511 2444
1416 1511
1372 1416
1396 1372
1850 1396
211 1850
2693 211
1749 2693
1596 1749
1461 1596
2848 1461
462 2848
2107 462
1028 2107
2273 1028
321 2998
1390 321
1808 1390
2330 1808
2678 2330
1876 2678
280 1876
399 280
1172 399
2398 1172
2165 2398
728 2165
701 728
2755 701
1651 2755
1387 1651
2016 1387
2212 2016
1937 2212
2469 1937
419 2469
1893 419
522 1893
2291 522
1690 2291
315 1690
1660 315
724 1660
1099 724
1342 1099
537 1342
1900 537
1291 1900
1080 1291
975 1080
556 975
386 556
938 386
2597 938
2389 2597
812 2389
2258 812
632 2258
202 632
1725 202
1607 1725
2497 1607
2310 2497
1766 2310
2862 1766
1096 2862
2970 1096
1110 2970
1391 1110
158 1391
650 158
751 650
2994 751
1670 2994
1887 1670
1034 1887
141 1034
2431 141
2255 2431
1074 2255
1581 1074
242 1581
2125 242
357 2125
1057 357
2588 1057
1966 2588
2022 1966
1343 2022
1988 1343
2194 1988
771 2194
2075 771
1216 2075
884 1216
1262 884
2295 1262
1686 2295
1041 1686
2810 1041
2842 2810
1747 2842
2605 1747
629 2605
865 629
768 865
2628 768
887 2628
1358 887
2248 1358
1227 2248
1228 1227
2148 1228
742 2148
1807 742
170 1807
1278 170
2944 1278
2673 2944
1718 2673
1624 1718
1129 2999
1753 1129
2214 1753
1745 2214
2895 1745
2946 2895
271 2946
2539 271
2822 2539
647 2822
291 647
2117 291
934 2117
2981 934
1288 2981
1106 1288
1712 1106
2568 1712
1997 2568
1799 1997
2052 1799
2282 2052
1306 2282
979 1306
555 979
1316 555
1687 1316
2902 1687
2367 2902
1949 2367
2855 1949
2241 2855
843 2241
664 843
576 664
272 576
221 272
295 221
1550 295
2917 1550
820 2917
2727 820
889 2727
76 889
2326 76
2816 2326
593 2816
2041 593
599 2041
113 599
591 113
1098 591
991 1098
1346 991
262 1346
1134 262
14 1134
904 14
2273 904
402 2273
681 402
2073 681
1624 2073
436 1624
579 436
579 3000
2207 117
146 2585
1404 1576
538 2178
1028 1537
2104 2575
1547 1227
2592 409
730 925
1102 1104
820 1284
906 292
470 2622
2279 787
1541 1748
381 920
2401 1891
1188 776
1113 2751
68 2532
2792 1388
1669 1080
2885 1458
792 2449
2445 1093
2330 1876
2931 824
752 2463
540 42
346 1591
1143 1070
1294 182
2621 1257
2981 1106
1432 2519
481 1422
702 2448
181 1602
1643 2215
2052 1052
2144 1852
2675 2345
1306 2052
1990 2578
2389 1094
133 1613
2600 1762
400 1113
2055 2649
2991 806
1776 693
2456 2613
905 1711
936 1395
2674 1992
1670 751
2606 35
1779 495
2990 1982
479 1209
413 1910
964 1621
150 2049
1101 158
2353 1167
292 593
1020 2751
149 2437
587 2063
1605 2665
1773 490
2850 968
978 805
195 316
1544 2859
1659 2487
2062 1283
1003 2939
315 724
1229 1781
1792 602
2001 1501
374 1683
2275 981
659 2423
831 1123
1008 2386
1985 1746
829 2787
596 2351
726 591
2434 1585
1288 934
1479 1593
2906 793
656 2561
2394 1048
1634 2190
2924 166
2395 910
252 2932
43 1654
1187 1770
234 1886
2451 415
2348 1411
2444 2376
1043 2127
2333 1988
2498 2942
1093 2769
2982 2081
1054 735
1536 586
2288 35
1455 929
2821 2549
1868 1914
2475 2066
1384 168
220 1643
1590 1003
1233 2367
1617 2235
2464 74
818 965
2074 1848
2492 301
1901 2291
1915 1275
1600 2190
2732 1634
2513 2338
2314 2141
572 1788
2687 957
1944 2716
2556 1905
948 2466
1914 998
1001 588
1848 658
1600 2449
2554 1039
2699 1764
2228 2878
2747 2596
1591 2995
1481 2949
1646 2524
2166 2984
1333 1245
1448 2780
2039 1293
286 724
2215 55
1770 2078
1312 253
2854 32
1072 1598
1016 2606
2473 314
526 167
2204 1335
719 630
482 558
1611 1464
1761 1387
510 157
2382 125
242 707
1098 1346
51 500
2770 2104
896 570
1172 280
1919 2780
1584 364
1938 1661
1747 2054
182 1604
1077 1215
427 2528
2622 1494
2000 137
1190 2889
2090 1367
2334 1444
884 2075
1396 2433
2360 1309
1735 2551
2379 987
1655 2210
1568 258
2814 1258
2781 2180
1112 2657
2404 2321
968 823
1010 1598
591 2297
2645 2726
1820 419
66 612
1676 2693
2636 1332
1692 2636
2940 1960
2709 798
2084 2902
545 481
506 1435
1176 1082
2445 1078
1802 1380
1947 1572
1328 1218
1908 1825
208 937
1246 1888
131 2562
155 2471
1900 1342
922 181
2729 12
402 904
1991 2363
1721 2966
861 1399
1434 2247
916 929
2684 460
1731 1434
1398 2013
2996 2251
915 2819
670 1465
1401 2763
2026 2710
1898 1883
1360 1767
593 2876
2937 1617
2165 2191
2577 2542
1337 1979
984 2510
1172 2165
981 2722
2067 1688
2438 1999
2014 1374
1910 600
2177 1963
913 2317
2820 1509
532 261
877 630
2539 647
1479 770
1194 1221
2201 2852
600 65
546 1162
1905 2945
1770 1828
2676 2271
900 272
2691 2669
566 1020
950 1851
431 1817
862 2299
665 858
565 1165
1996 807
1533 2474
1040 1850
2723 2611
1836 100
2835 2016
1983 790
195 839
938 708
2080 1470
589 1440
2972 2621
2390 2890
1939 1930
536 117
259 1018
466 2781
1189 49
2527 342
1113 1020
1840 2372
2468 1388
14 262
615 1104
1275 2391
1361 1588
1056 1114
751 2440
310 2385
1568 282
2444 1416
2051 2297
900 21
1412 755
633 1213
2208 1490
1206 922
2626 2968
393 2080
2759 2580
2152 1841
1502 253
2580 433
1287 2104
598 922
2510 180
314 1836
1801 2488
2954 2297
1775 2600
46 1004
1751 254
2081 659
339 1249
252 1884
1109 1
2747 872
365 1328
699 1157
373 978
280 327
995 2067
2320 202
2701 2334
114 1884
2935 28
1609 2048
2138 2184
2392 1755
2058 1081
2409 2009
2329 2618
73 492
1050 1568
972 2495
2290 903
2917 2198
455 1634
581 580
1243 533
2453 790
1896 2047
1469 1920
1129 2850
1095 858
2814 19
1848 1205
2762 2551
1275 408
1907 2706
1483 1741
1371 609
2876 408
661 2306
760 2856
2448 1286
1084 464
2821 2575
1041 2295
672 1461
32 2941
2046 482
2570 128
1814 483
2388 2141
2874 2933
1770 2501
51 1205
1691 2165
1231 804
1048 1068
1574 1033
1009 1662
863 1868
2099 2460
499 177
1223 2656
612 1613
2731 1335
963 593
457 2819
2162 2298
1171 960
574 2224
2862 2970
2075 2194
1194 851
1693 2779
2874 702
248 2049
2985 2915
2752 586
576 900
661 364
291 934
817 2151
1128 1222
1675 1917
2962 2144
499 1035
1336 789
1534 574
760 84
2832 2799
2577 976
645 2607
512 1843
2077 1025
2843 1971
107 1492
2015 2291
2019 2947
2199 2084
500 2256
1896 2354
184 2673
842 2267
898 1331
1597 313
2608 2698
2517 2065
742 170
1288 2117
1830 978
1502 1312
1308 2745
2752 1154
2874 1592
675 2417
2016 69
2699 978
1879 763
1780 1029
449 2059
1309 1751
2949 2858
2301 1090
509 1487
1130 73
2052 979
2039 1579
1196 251
2165 1833
1529 2781
2324 299
1513 1701
1083 898
1635 762
1387 194
488 710
645 274
269 2599
1039 664
1034 1702
2850 823
1409 274
1949 2010
567 506
299 582
744 2091
2803 10
2420 2859
2674 2659
1785 2849
127 1257
1032 2543
1771 508
344 2199
427 2758
513 1904
2170 1835
311 802
2301 179
711 1443
2622 2881
737 981
2051 2680
2301 1797
849 1267
2163 1247
2452 593
1509 1032
1272 2798
1204 1386
1082 831
2693 1240
594 406
1878 1997
2193 756
2309 280
739 1830
1896 2777
763 1322
2059 98
102 1801
2059 1260
907 783
737 2417
368 1486
2640 2833
2226 2714
189 856
1198 2063
2111 911
792 2901
645 216
1797 1788
591 599
2648 2656
2112 718
302 2786
1910 838
2349 886
1631 907
216 1775
46 2770
1074 2431
1318 2501
596 2639
1082 306
76 1498
1688 1861
1858 1937
2189 1065
1295 623
201 1231
2679 1154
1740 1349
90 1440
2002 918
651 2145
81 532
2855 1804
2600 811
1558 2850
278 126
1951 1138
1367 387
1463 762
2093 2152
10 669
833 2732
229 1894
555 2836
21 2724
1516 978
1692 205
982 848
2016 1937
988 1573
2884 2758
1502 281
2291 1195
1897 499
2044 609
1069 1851
137 740
1812 2563
780 2317
961 1853
349 1207
460 2439
2178 2253
384 1343
687 984
361 448
2495 891
2606 646
1662 2466
197 1617
579 1624
2896 1222
106 2088
210 2101
2368 2613
951 1511
1291 1669
1206 458
2769 2445
1159 21
328 2728
1888 775
2809 2197
1693 501
1940 1030
572 1842
2474 2705
1588 2023
1396 671
2673 2880
1896 2976
2017 339
2577 1302
2962 1852
1590 692
166 2064
309 1626
2752 2679
1775 1466
1950 609
2367 2084
595 698
1072 817
1684 159
772 2482
1969 1710
2942 989
1454 766
2034 1469
1212 2799
2721 801
77 1222
750 2573
1422 1834
2765 767
503 1227
2635 1177
1483 1702
2299 976
2218 1641
2693 1850
687 503
2510 2713
635 6
1520 1567
2900 1609
2048 335
2648 1141
2525 1157
1575 693
1828 2926
1278 1807
323 94
2113 2635
1149 1968
1501 2022
949 983
2781 2066
2348 321
1273 616
788 648
2493 1781
2770 2625
1837 2623
849 2042
661 30
2960 1389
2635 1046
1230 284
1590 648
472 23
2066 1208
2221 200
189 2198
973 417
2934 2866
2757 186
237 227
774 1879
268 134
1708 465
234 1170
2153 524
2659 2252
625 384
1876 2697
2852 1771
264 2928
1595 2062
2255 828
984 2312
2880 912
1051 1038
237 1604
2761 2876
2725 190
889 2457
1786 1438
939 842
1395 773
737 2476
1800 257
2614 1607
2517 2479
760 867
464 2372
1918 1864
226 72
1483 1723
1936 2071
1607 2310
1825 1265
584 2332
630 2741
1711 1895
1414 1029
817 2182
905 2382
1209 1037
288 2345
1951 2464
2251 948
1930 1138
2611 2076
2304 2087
1989 910
1511 1491
1329 456
2291 183
2532 813
794 561
2891 2411
1838 2359
1027 1291
2109 358
2300 2228
733 2792
1635 1463
1731 2131
2696 649
1388 697
11 2026
705 1768
2510 1637
329 193
632 812
2080 2813
1740 1268
869 1792
2384 819
72 1426
1133 1030
1289 584
1408 2879
1756 954
2310 2862
2613 1433
1973 2812
591 2526
923 2120
1409 1077
828 2136
1555 1830
1645 759
272 664
1923 989
1323 1676
2347 994
1379 2048
1392 2211
390 909
1889 1386
509 2148
1759 1656
1313 2263
508 2519
1773 2228
144 331
739 978
1609 468
1289 1773
386 975
1139 937
1157 1438
881 445
740 1752
199 1494
547 1858
2994 1366
2151 377
639 953
2906 2138
2848 1596
1333 737
2237 2971
606 2552
2516 2367
776 463
904 2193
898 1993
2369 2199
383 2424
2588 1737
2636 318
201 804
810 54
1470 2573
414 167
2552 1188
1342 724
2983 910
2165 701
1187 350
978 99
2026 795
2988 500
487 1743
2495 493
1430 2624
2228 2080
2611 1024
315 1124
2417 636
2633 1700
2867 231
1045 441
1084 2869
1034 1670
1614 429
2101 2839
780 684
1997 1712
2869 533
2983 423
538 7
321 1357
655 1141
677 1350
1432 1922
1322 15
2092 202
2569 1016
1178 1368
1158 222
2778 1399
67 158
154 2367
749 1286
2902 1316
2821 2119
2026 2788
1854 692
2034 2745
707 2125
186 368
1736 2783
2546 2123
1779 1816
519 1405
755 288
2303 2778
2291 315
74 1493
1358 1227
2609 813
513 2958
2761 2757
339 1399
1654 1886
564 1701
745 70
2254 1801
1550 2346
2284 1105
1047 2633
2084 1687
242 569
2808 696
1596 462
2945 2986
2227 2302
192 2727
2194 241
232 1371
751 448
1179 1314
525 1555
1596 672
2741 130
2888 1525
1057 2690
1356 2646
1582 582
732 2020
2909 2167
2584 2066
2501 784
2914 386
776 2257
591 991
2423 2081
326 2573
767 968
2856 867
190 2738
1121 889
2546 704
1818 599
2402 281
448 790
1730 2690
51 2553
836 2062
111 2377
2714 2370
88 1051
1083 855
2329 1303
1525 178
1388 370
1102 775
144 1993
1239 2483
2804 220
988 2656
2781 1485
1269 916
1057 465
1111 678
2005 420
2834 1522
433 2372
2863 236
792 1600
2537 1610
1091 330
2700 772
380 2006
644 2940
2027 804
871 2290
506 1680
1471 3
6 1207
2993 1274
2561 309
76 2816
835 2789
2050 1337
1781 2204
1325 2047
1425 1499
929 1269
792 2703
262 755
2902 628
2852 1706
648 865
1847 2084
2472 412
1922 2115
1751 948
512 966
1903 2419
202 2896
2668 2762
1828 2501
1038 1345
1614 153
441 1905
522 419
2072 1081
2076 252
1921 2152
1769 844
1389 1791
2056 2064
141 1887
1395 1720
1692 2118
24 2754
2586 2155
2923 1911
2920 181
2118 205
1925 2287
1303 2618
2346 680
292 2293
1518 2742
1282 1208
1799 2028
2901 2093
1253 2008
652 1932
2770 278
1848 2778
2731 232
2163 2268
1624 25
1108 948
2226 965
825 141
2575 278
787 1263
1185 998
1484 463
2058 2301
241 771
2581 1116
966 992
857 178
641 843
1422 930
404 1414
1963 2856
2863 2778
849 2785
2791 1272
127 2590
1637 984
1257 2590
1505 1744
623 162
1869 564
1420 1850
20 469
500 255
1078 1153
2693 901
91 812
1669 1027
295 272
503 554
2969 1929
505 664
2373 1257
1696 2814
2558 1590
1519 335
1329 2817
287 696
2591 1434
367 2607
2632 1683
420 2982
2550 739
1339 457
923 1313
1494 1044
979 1316
438 2159
1649 1079
515 2080
901 2350
1394 438
1830 2550
641 2241
27 233
2266 216
308 1254
2727 428
1485 2370
1069 2064
1835 2001
220 2215
21 576
1848 1569
1511 1372
2559 1199
2409 1654
2138 1224
483 261
102 2811
2330 1390
1266 1484
469 30
693 56
2771 2073
2434 1826
2245 1588
138 1509
1364 685
1541 1752
438 2235
941 2461
2374 1051
1152 422
2916 2544
2183 1022
1679 1478
2043 509
582 33
1517 1524
2649 106
2563 396
1822 2942
2979 27
2769 2613
886 2411
459 195
1838 2841
357 242
1861 246
2308 566
1204 2378
2905 2893
1051 2441
1094 812
2177 2856
938 719
1910 117
2147 285
955 1483
311 1103
2470 1980
1726 1352
2842 2605
1391 1235
533 583
2047 1518
1619 82
475 839
1280 320
737 60
382 66
1339 515
1995 2225
513 262
2961 254
294 410
457 915
334 117
2143 233
1593 565
1119 2822
233 2979
2771 402
384 2471
346 2995
842 1333
2156 615
955 825
431 2344
230 2982
444 350
1116 1081
700 436
225 2417
2278 244
1371 2877
1866 552
2112 1470
1997 2215
352 2350
2517 1919
43 1958
1072 1010
2444 1491
1795 312
1241 127
1240 1850
751 1887
1421 2228
2035 2343
2610 743
2731 1019
1359 1711
2165 280
2803 1139
1382 2105
99 2405
2774 1385
1923 2942
2350 1850
1387 2341
754 948
47 238
918 1244
803 1465
540 1704
1561 125
1185 1868
2214 2895
2334 477
2437 275
76 963
2126 2544
573 994
772 1347
1608 2403
1716 369
1541 2210
149 275
73 2245
518 1058
1267 2785
1470 1443
1214 2910
2426 2888
1234 2014
2196 2084
1532 1180
930 1834
2778 1249
1236 2721
2613 2958
1423 2260
1565 1611
946 2693
43 1132
412 2878
1371 1511
2579 2983
1537 1010
1756 34
322 2727
1725 2363
948 1073
1671 1084
2294 283
906 171
2608 1827
2257 463
1797 2072
2770 2065
2578 1904
1047 1905
62 188
1081 1090
2640 2822
339 1257
1113 2308
692 788
2635 2689
934 1106
497 2123
948 714
758 2604
1278 2698
1409 2607
2237 1982
2794 1356
702 837
2908 1030
1900 1640
2609 2061
2850 1648
887 1227
331 1010
2693 1596
2211 551
2437 350
1040 1372
203 128
317 491
181 1506
2072 1116
1227 984
2069 297
904 1028
1841 1125
1395 1797
1312 928
597 2818
343 10
2186 494
1937 1252
143 1850
1038 2374
1097 360
1350 2211
87 2464
1875 2568
445 236
2135 2686
1313 2120
895 540
2953 2873
226 2012
1074 242
1462 1233
881 731
1483 425
2447 1689
291 1288
86 380
1289 490
1968 2867
2547 2715
2918 759
125 2561
1203 102
887 768
643 1277
2523 1735
731 2030
2317 1941
1216 2194
1931 2745
2214 1129
1372 671
1608 558
271 2822
1004 278
2424 1740
1187 2056
1007 835
975 1291
2418 1623
1427 2904
1300 1940
2721 2638
2083 2095
1652 1025
1956 2236
1322 1879
2438 1239
2144 1957
1409 2336
2993 1514
1611 1982
1270 2912
825 425
385 1747
1675 2436
2723 252
2073 402
787 323
2974 1864
1058 2738
708 2741
533 2153
1222 23
1691 1614
668 1876
513 2613
1956 2729
2613 32
2061 813
1813 1377
2253 538
1650 477
2902 2196
1575 2532
958 478
1240 1749
2186 2126
1487 2043
658 236
2662 1359
2983 2395
1877 256
2810 2605
1385 2034
1835 761
2228 2813
1137 2532
1905 1700
576 592
199 673
990 2470
1799 1052
2879 2420
829 2098
1413 2325
2955 2121
467 2702
1378 1770
24 2838
1106 1997
1634 2786
492 1130
1112 2100
2352 2154
2907 2064
1431 1672
320 2382
1363 161
920 903
533 1084
2310 1725
198 1644
2425 1724
1140 2181
775 2053
172 2165
2134 2012
990 2122
993 1732
1938 807
1372 941
2122 934
816 2337
1240 1596
884 2194
1756 2908
203 2570
2207 1061
2016 2469
1417 2495
2196 2319
2871 30
1740 1466
2863 861
1165 2085
2080 1339
758 1525
2947 304
2922 2501
1481 2898
2783 1596
1591 974
1722 2233
347 2308
704 1672
1655 1752
1825 2459
2818 1691
282 2114
1123 809
2731 987
2501 1593
109 1366
2547 2400
2751 2020
2148 2043
1236 2213
370 2162
295 664
2598 1676
305 2888
2298 2963
2038 700
375 2696
1800 2839
867 84
2842 660
550 1816
572 2072
2041 1819
483 1375
2625 278
2329 1446
1926 808
26 2500
2185 2416
918 2187
188 1471
887 1066
2273 1010
1508 520
853 2301
1621 1524
1896 79
468 2900
128 2666
118 1940
2895 2529
2119 2575
2232 1023
2592 1703
1315 2859
907 1199
576 2702
1341 1290
751 361
2375 341
1428 1447
1340 725
2545 1919
625 2929
394 939
2210 1648
1524 2564
2643 2425
282 1500
2431 1034
2056 350
1149 1147
1956 12
1339 2582
79 2047
2248 887
900 2724
1262 2075
1025 898
2741 423
1699 25
238 254
1123 1082
2108 1554
2815 2974
572 1407
1643 1220
2575 2244
245 612
1448 766
1759 2849
1375 623
2975 2854
724 2291
1894 1983
1065 2552
286 1342
1896 736
330 1018
1542 404
35 646
179 1081
1896 2361
306 1667
2589 457
2871 469
1193 2283
2917 2346
1781 2951
719 877
2844 1634
2876 2757
2645 717
768 1935
664 165
1415 2194
407 2592
723 1857
1622 311
963 1819
924 2860
2822 2206
2681 821
1384 2009
1379 2900
2870 2682
696 983
1299 2241
535 2660
1123 1667
2519 1727
776 2160
319 263
2991 695
7 1239
458 2920
605 1493
2723 2245
1625 1985
2402 1663
2294 402
837 2874
1487 1744
1929 2212
2255 835
1006 1149
684 2317
2139 731
372 1887
332 1078
716 2444
1143 9
451 505
1604 1680
1979 966
1286 380
533 2870
2042 2843
1029 404
1398 940
555 628
1872 1744
2878 1118
916 1837
1697 1866
1828 1967
716 2376
266 2486
839 997
1883 1984
1952 2464
1644 2331
941 2201
1137 734
2370 2584
2895 271
167 978
27 2957
1665 1219
1731 2834
1230 192
395 341
2344 873
2672 2993
807 2270
1500 2114
1314 2282
987 1873
1292 1891
2844 1204
289 1800
2673 1595
2311 1367
2990 2543
1058 1381
1265 1075
2653 2585
637 2396
1067 1166
2354 2047
1849 708
1925 1733
1702 955
1392 1350
2437 1592
667 1752
324 311
149 350
2993 2026
1555 1523
237 1364
377 351
2794 2646
2616 2091
1180 2920
595 2431
2782 190
2843 849
1757 2798
2999 968
494 368
593 76
876 107
104 1636
1910 334
2125 1057
859 518
540 854
1188 160
2753 2547
2927 978
1520 829
237 2654
271 2318
2703 2948
5 57
1576 76
2302 1421
2592 432
2523 1838
1383 863
1812 1168
1684 1236
2916 494
1986 460
298 2509
2912 1883
2006 86
2214 2946
2600 2183
2181 2909
126 2575
1760 649
2533 1132
2647 1194
2370 2226
2992 1190
2884 2130
921 701
1168 2454
2175 342
1845 2497
1866 2047
2116 1911
1979 2376
2240 2922
1533 759
2527 562
1553 305
2665 1587
2870 1428
844 1351
2376 1337
2563 342
511 1815
1005 2502
1190 1079
1823 1193
2292 1205
849 108
2268 2708
2156 1104
605 351
835 2950
1961 24
735 2535
406 1926
186 2876
435 2391
2377 50
2346 664
843 676
721 1122
1760 1957
1700 2168
314 2978
745 992
2673 1624
246 1688
1826 2304
1910 401
919 2555
2237 2990
2497 1766
1050 2150
2524 1806
473 2728
2026 1437
443 2127
483 1909
1443 228
27 792
246 995
1505 1872
2684 2269
1363 2958
2942 2991
1082 2451
2595 509
2136 2249
557 974
2083 1118
2855 2289
2284 2224
305 1700
1030 822
1517 299
1126 2637
523 1342
2762 446
2761 494
2541 2874
2541 285
532 483
39 464
861 1446
2453 229
2917 680
2467 1560
2186 2159
2778 2137
600 536
2128 1911
1226 1084
1863 2034
722 2134
2891 886
1686 2810
2565 2561
1213 238
663 2990
2215 2827
2206 2833
1735 1186
1286 2006
2612 2522
2099 1385
359 197
2550 978
2926 2501
1713 1622
320 1711
2253 983
658 51
886 1748
2919 664
149 444
582 2224
2119 2032
2317 1594
2670 1162
1136 1396
2324 1517
1493 2464
297 875
959 177
682 515
1731 2059
485 2849
1850 1676
1928 2413
2322 2036
2003 889
173 1448
578 316
2500 1613
1384 2409
2276 417
2256 148
2154 388
1632 1702
2156 775
1211 2208
447 2255
1581 2255
2279 670
659 2659
2348 1877
1038 391
934 990
2896 77
1604 2262
362 1190
17 1982
2829 1229
2289 1804
2908 34
956 1799
670 814
402 917
2774 2745
1744 509
343 2014
899 2121
2282 1179
2838 2876
2495 1164
884 1517
1403 1634
493 1233
1112 1741
2845 144
163 1143
734 1575
1363 2578
710 2957
1681 1838
671 1040
629 768
2672 2715
1466 1268
2853 560
1203 2254
2191 701
1792 2385
458 1042
1212 2832
1997 1288
1222 2686
1106 489
1803 2665
168 235
1156 1254
1299 843
551 1392
2343 2588
1391 2730
1494 710
1050 2342
161 2958
711 1470
235 1384
784 1479
2528 2758
2622 1247
2856 1725
2961 1213
2814 2911
409 1703
1988 771
2136 2760
2462 107
2726 1511
1358 888
2481 2449
2255 595
1578 2638
2523 2383
2855 843
968 1558
1466 1508
2253 484
751 313
2195 662
1548 269
584 1504
844 1296
2185 944
806 989
2297 991
1057 1730
290 1417
815 398
2773 1046
535 2888
2728 2428
1067 2348
207 118
53 2522
1342 1549
2224 1202
1272 390
110 2656
1739 652
1059 809
2364 320
896 1985
1646 2046
2070 2360
1751 2360
1095 2278
2662 503
513 2187
1431 704
333 2123
368 2761
338 1377
580 1044
2695 1336
2866 2726
185 2632
1212 1492
1954 517
2763 1532
699 2338
2017 1830
724 1901
1759 1785
2658 2983
1212 2482
1074 828
2725 1381
2253 696
2762 565
564 1082
1910 453
216 1162
1755 1127
1390 846
717 951
2433 2328
1150 2165
252 1577
1150 2459
449 779
928 2402
519 2940
1339 1332
1690 1195
2725 2560
1872 996
115 2828
1313 2977
1201 2549
637 2165
1997 1875
2402 1866
647 2833
1376 351
1724 66
672 2693
1851 2907
56 694
2004 1038
2158 136
476 1419
1848 725
1600 1329
661 1673
318 2118
1706 1771
2339 2549
2646 2594
141 2255
1186 1681
315 1195
2152 2901
1536 2679
1463 515
1048 2274
446 2551
2709 663
59 1087
855 1993
2885 76
2519 391
317 392
823 767
1137 1575
2930 1234
991 262
459 1082
2612 298
1971 2661
2142 1515
1566 1387
563 2351
412 2302
2742 1207
1741 955
2942 2434
385 2605
280 2398
1651 701
903 381
2320 727
2395 2658
2621 339
2276 1255
2365 1949
2366 1533
236 1695
2968 417
1170 1654
195 1082
2560 190
1329 2844
96 2371
1856 1528
1262 1041
2917 1284
1409 216
568 450
550 495
1290 365
931 2228
2255 698
691 1142
2203 1607
1481 2325
2612 1387
2373 339
468 2048
342 562
1553 758
69 1387
1728 979
2810 2295
2006 2189
502 836
2316 493
2464 2171
314 864
630 130
1156 335
1786 974
2001 1370
1960 951
2388 2352
1150 1564
597 1614
2030 445
2153 2870
1086 1930
2612 1651
304 2103
786 1848
1911 563
663 138
528 320
2469 1580
1352 93
2034 787
2869 1243
1716 2990
237 685
543 1735
105 1902
679 897
1084 2372
1207 1942
1741 1723
2958 219
889 2885
929 1837
880 27
2333 2194
1262 1686
663 798
1655 1715
203 1469
2032 2821
2988 2256
2970 2730
2201 1706
16 2744
1549 315
582 1606
1134 1346
2867 1167
617 2650
1591 1786
1659 1932
2052 1728
1161 2895
1316 1600
217 332
2323 1638
2963 2162
656 1430
1411 321
275 2831
2404 498
573 2298
2985 1563
1227 1527
2199 1
2366 1645
474 1555
1355 1024
1754 2432
262 1000
1771 2201
2982 2252
1413 2898
2322 2944
339 1830
1747 2810
347 2380
1240 1040
2422 1592
232 2877
812 202
745 28
2320 1725
1101 1356
904 262
1607 2363
1001 354
1670 102
2113 981
2801 1352
1068 2108
2048 308
757 512
2858 2898
500 1205
1286 2874
252 16
2750 2154
1968 849
21 272
1611 2990
65 838
1320 1483
1328 835
119 2292
1145 2100
949 484
1100 695
1319 2236
2198 777
2756 1924
335 1379
1256 135
649 375
1887 2431
2589 2819
2212 2469
2929 2904
347 1840
2040 2814
280 2697
1379 1254
838 1646
775 1246
729 288
1411 2998
1016 1064
1157 1413
2772 1251
218 1135
2371 664
2490 2936
1293 962
2292 500
68 813
1238 850
1192 1770
806 695
2882 1799
1545 2200
2084 1316
321 1808
2310 2970
2605 865
1198 587
2162 1418
1297 381
2752 2844
740 983
484 7
106 2525
1804 1397
2184 1887
2531 1265
2787 2232
550 2033
2007 1325
1928 1405
706 1278
362 2245
2613 1078
956 1106
1446 1481
2597 91
2781 1288
1471 1197
2752 1634
374 2484
2205 1771
2806 2181
178 894
178 430
1958 1132
1926 2149
1212 78
166 48
900 664
2818 1614
1912 1642
15 763
330 1757
1514 2788
740 2253
382 612
2753 1795
1698 1213
1752 696
985 1702
171 147
1188 1065
158 1356
2847 2539
2641 774
422 1641
1723 1702
2011 1187
974 293
486 2234
2167 2806
2194 800
1826 2707
1725 760
956 2215
2818 273
2666 203
2367 2196
2190 2844
1209 762
2317 527
2431 1616
261 2609
1937 547
558 1132
615 1200
167 1618
499 959
1068 2274
2608 2322
457 1324
2033 1816
1970 1905
2790 1627
216 1722
861 2329
470 1829
2306 20
1520 2232
2594 1101
2323 2496
1495 1038
1306 1052
1478 256
2372 1671
2541 2147
1591 557
508 391
1646 1910
2280 997
2034 249
962 1311
2208 58
1590 2939
3 1197
2727 2003
988 1269
1881 34
2331 1175
303 2101
176 2073
995 2098
2597 1094
2118 1794
2319 1687
1634 586
922 2920
2876 1482
789 1259
1167 2784
2751 2209
392 354
2856 84
1690 183
1027 1640
343 2717
752 2982
408 674
1014 33
1343 771
1604 1619
690 1087
276 1768
1926 999
527 913
2544 186
1891 2417
860 2687
1911 617
1587 2858
84 1725
2432 1193
2382 1031
2441 1038
2199 2809
1652 1993
2929 384
472 1222
1073 2737
2936 330
463 913
1704 42
720 2084
2405 474
2630 770
2235 103
2856 1607
784 2922
352 946
2839 1472
2659 2423
340 1174
803 1765
1025 2768
924 1518
2260 1040
1954 2352
646 992
2156 2663
2101 1800
1537 462
709 2741
2468 1563
1508 1268
2210 2850
1111 1956
456 1403
1493 1449
2324 2075
594 192
2597 708
877 2741
342 2404
596 563
384 452
2507 1104
2416 2834
1028 639
2653 2425
492 2419
2774 1772
2737 2996
576 1173
354 1201
99 378
2761 24
2662 554
2952 1175
553 337
2313 2159
2909 2770
25 1718
1664 2992
1508 607
886 1198
2950 1189
1032 2820
835 2431
2121 948
2848 2107
2251 1108
343 669
292 599
1655 696
526 340
1379 308
107 411
2406 1937
717 2188
1088 684
1584 2871
1653 643
1287 2575
1286 2552
1434 2416
28 932
549 2359
316 550
2018 1140
203 1863
2799 107
170 2148
1925 2001
1281 180
842 737
663 624
2340 585
1876 1390
2279 814
2430 2626
1371 1229
2173 324
2613 219
2605 1686
433 2308
733 2162
2723 1024
2811 215
350 1770
2591 2834
2802 594
436 3000
1695 658
2450 2340
233 2265
1879 2728
434 1810
1257 2972
1088 527
1157 106
1741 1666
1624 3000
477 2701
2202 2148
2405 713
593 2761
2747 128
113 2704
2652 2959
1412 288
2273 639
1606 1534
1453 2834
2599 1548
2332 1289
2307 754
2953 1604
1426 226
759 2366
1603 1765
2215 1799
896 339
2067 1861
2210 1871
1609 958
787 670
1608 980
591 2718
2003 820
1682 2052
1020 400
1954 2603
498 2321
2973 710
568 1116
727 202
1797 1090
1541 886
845 2770
1725 867
1334 1997
121 1868
2543 1716
574 1105
2362 2245
102 2994
45 477
730 1838
1812 1847
76 2846
1161 1721
176 2771
1149 131
1561 2565
2584 2475
2744 1767
2074 2292
1767 1936
170 509
2874 2896
2668 446
2213 1867
904 1528
311 2008
1382 1123
1508 2394
316 495
2555 2950
1814 1375
669 2166
1276 1481
978 1210
273 2165
1757 1091
12 66
1178 2975
2685 2558
2271 252
2214 1538
1369 2696
1964 689
2409 1886
2756 1842
1062 1324
775 933
1215 2750
2241 1804
1048 1627
843 165
1132 1886
1710 1800
1373 1634
279 699
181 971
388 2352
2704 591
1968 231
2879 1315
2715 2753
768 648
1259 2174
1222 540
565 446
40 2510
2187 75
1285 2418
2916 186
1327 2613
2091 858
1092 643
2864 2450
107 2832
1994 606
1935 629
1440 1825
824 2226
2890 1868
1879 602
450 2696
2101 1104
1028 462
2165 1556
2270 2282
2745 1772
1470 326
1369 649
564 703
2795 1735
2223 1649
1088 463
2105 2121
1713 209
150 248
1634 1237
2572 1362
1930 2687
2075 1415
1825 191
955 741
1906 1272
1667 2451
416 1896
314 778
804 955
1943 858
1178 2613
658 442
2913 444
1834 1665
2275 2113
2890 1185
1059 564
702 2541
1634 833
1508 1627
2341 1651
591 2954
690 426
2502 958
2165 1651
962 1579
1150 701
1291 386
1138 1086
574 2284
453 117
292 1819
1813 577
2512 2651
1681 446
1818 113
242 2255
2803 669
101 1494
2924 2102
886 1871
1227 554
724 1124
430 1902
707 357
372 2906
1181 227
604 474
1161 640
2892 2369
1355 1792
2318 2895
2380 2759
2480 288
2924 1503
2505 2012
462 1010
2251 596
2913 350
1818 2629
1270 1898
448 158
2414 1396
2071 1981
850 264
2541 1475
1382 831
708 2721
2584 2714
1508 940
1088 2257
2328 1396
984 1547
2543 1509
2994 1887
411 38
2978 546
2924 1258
1593 2853
239 243
999 406
2339 1668
1243 1084
2618 1446
2122 1589
1589 934
2082 1869
679 2026
2945 1047
921 728
1905 2168
2802 2149
303 1200
1856 2193
559 2948
773 1305
2626 417
2121 1009
1419 2885
477 2305
519 1928
2017 1985
1330 2778
1317 817
2042 108
2166 1234
1950 1371
306 2655
982 99
2578 2805
671 1416
2475 965
1270 373
1116 853
314 1535
1866 1896
642 699
2370 965
1274 2026
2720 1
1237 1013
2860 1518
421 934
2359 2383
2360 2683
1459 674
78 2482
2335 541
523 1099
2510 2259
948 2996
2304 859
2495 1949
513 1000
684 463
2499 167
1752 2210
2038 25
1731 562
1479 1539
1284 2003
205 1332
2588 1730
318 1332
2902 1789
2003 2943
2417 842
1872 188
1912 1944
775 303
1600 559
2918 2366
234 1132
1651 2522
2919 900
275 2913
506 82
1676 304
1237 1386
1580 1552
1079 1693
38 107
1762 811
1115 1613
80 2123
2748 2166
10 2014
980 558
1617 2186
655 2648
843 295
2722 737
1238 2908
1477 701
708 801
1911 2261
2270 1682
2471 625
2537 2762
504 966
904 1010
2128 2366
1227 2510
809 2082
2330 280
2405 1523
929 2942
1080 386
784 2421
1247 2268
1997 2370
2585 988
440 2885
1998 487
418 2577
458 239
1566 721
2296 1655
189 2801
2359 1681
600 413
2170 182
614 2310
1199 1815
276 2285
817 377
638 2518
2561 2382
1132 980
2270 1314
2010 2855
1680 82
1437 13
1697 1912
2084 1810
2641 310
1873 1615
986 360
109 2440
2950 49
1669 2964
2210 926
2190 2449
2946 2822
640 204
2864 2340
2705 759
1651 2016
1668 1001
1759 1638
2440 213
302 1634
1733 2170
419 1552
664 1173
1562 1413
2791 376
1113 2020
2648 4
1082 81
2420 1315
320 1031
1407 2756
546 753
1759 816
463 795
1508 1103
2320 819
620 794
101 410
1256 598
2047 1207
104 35
316 1779
2078 2831
1145 1400
518 2684
763 355
2163 2622
2909 1004
2471 2929
2587 1244
648 692
2447 2940
948 596
1555 604
1474 2043
2497 2862
2282 1719
428 322
2361 2777
1744 2148
2412 1997
1979 2444
1840 433
307 2080
2085 1593
222 1502
1126 457
2580 1840
154 2196
1848 1953
440 1458
1010 144
345 1879
2532 2061
406 808
1008 606
2717 2803
1505 2043
88 391
1764 978
396 1812
2181 2018
2436 1820
237 1181
2800 1987
311 2600
2746 2501
1535 864
2536 839
448 1356
1226 583
1814 2061
181 243
178 2888
2163 2881
2291 1549
1989 2395
1542 2887
2519 1922
1848 2863
94 2034
378 739
70 1979
102 215
1514 486
963 2326
1713 1103
1339 2118
2493 1335
1702 2694
2978 1162
2618 1410
588 2549
1010 2107
2670 407
21 592
2170 575
2634 1288
823 1558
2790 1508
2325 1196
2155 1533
749 2448
2644 2710
407 1703
2042 2661
2115 1038
710 341
2190 2696
345 2545
1944 1697
2476 1245
40 2427
2898 1803
2432 2283
2408 170
1297 920
2366 2705
1542 1780
237 2953
1718 436
2464 351
1003 648
2444 1960
2255 2136
1930 1507
808 1870
563 2251
2419 1130
342 2321
871 920
1351 1319
2863 1399
2426 1525
2683 2070
343 2803
387 1955
1385 2766
2276 2430
2303 51
1456 1577
1510 1641
483 1934
402 283
174 408
1651 298
751 158
1543 171
1621 561
1243 583
275 2056
1855 1520
299 1524
6 1942
2741 386
348 2707
2886 394
726 782
37 446
252 2868
2890 998
513 2578
1333 548
225 619
914 2176
907 2432
1759 2337
1287 2032
1923 806
2303 2137
2294 2771
8 2462
2293 906
863 1035
2274 1554
1121 76
2084 2809
1804 1949
59 690
1755 2478
1103 2394
2823 680
1904 2928
1178 1974
2230 196
2062 502
2994 2488
1807 1076
345 763
112 962
2855 1397
2245 1024
135 1056
1896 1697
724 522
2575 2938
2324 1216
1641 947
2308 400
1711 1865
2282 1225
361 790
940 2013
758 1324
1046 1570
2298 1919
1449 2464
2852 1040
2735 313
1040 1423
2515 1112
1563 1285
1597 83
768 2605
113 2045
2754 2876
1304 1629
1502 2402
2348 2998
289 1248
1606 2758
1016 2222
43 2403
1845 1766
1533 2705
60 2275
1055 1712
2212 1387
1448 1454
930 799
2696 1116
1247 2899
402 2465
1908 2531
1866 2111
330 2791
2046 319
2530 631
2080 682
1947 702
835 1218
984 2259
1157 2325
2976 746
2975 1078
315 2015
574 1606
2925 487
2285 2445
1351 1296
2960 1791
195 2536
2656 959
2297 782
746 2111
1819 2816
2119 354
2402 253
375 1647
2444 1928
2005 2982
1150 1825
992 2050
1730 1708
2924 2814
1414 2887
1226 464
1562 962
591 782
2293 147
516 2884
445 2863
188 3
2875 403
1612 466
673 580
2518 191
1940 207
2422 2874
1847 1168
1732 2498
741 1723
342 1731
433 2380
1411 846
2880 1624
156 237
2032 2770
411 8
1674 2431
2685 648
301 2340
2096 1111
2861 1623
6 2860
57 2701
1446 1249
1672 80
557 346
749 702
2032 354
1025 2845
1268 1349
1467 1615
2970 1391
2126 2910
1949 891
1307 2594
2706 1759
998 121
680 295
1035 121
1387 2522
1253 311
9 2989
1443 326
574 1202
2583 1351
1284 157
2153 1447
825 2100
2650 596
1017 252
581 1044
337 2979
1038 1922
2848 1028
418 976
2532 56
25 3000
928 1502
457 1062
995 1452
904 331
665 1095
2872 2421
2954 726
2340 200
1659 1739
2664 986
1828 1839
2950 919
942 43
1957 2962
389 1392
2039 1562
1794 1332
1494 581
872 128
2491 1415
27 2948
1272 1091
2785 2042
1483 797
717 2934
305 1970
2036 2944
2204 2358
522 315
904 1134
2909 2806
1517 964
658 1399
1591 140
2281 2201
2451 1176
123 2370
2148 1227
1408 1080
755 2675
12 1111
817 904
118 2276
1385 1772
2963 994
1782 2959
1812 342
719 130
1137 693
57 45
202 819
1711 1583
2053 933
1821 1380
1422 1665
1706 941
672 2783
2614 2310
1635 515
2206 1119
2336 216
2676 1456
2434 348
2092 2503
1134 639
546 407
1138 1493
1116 2190
2832 2482
1305 1720
85 1206
2008 1713
651 2725
851 2136
981 2476
720 1168
523 724
2088 97
454 2469
2299 2987
743 2057
1846 941
1039 96
2758 582
829 1688
973 118
777 189
680 664
1226 533
629 648
331 2845
122 2693
2166 2717
2314 2750
2041 2816
2821 1287
815 1614
1766 2970
1804 843
2978 864
2443 2694
1278 2673
118 2805
1925 908
779 2059
1194 2255
2948 628
2352 2750
1028 402
2243 1142
2084 1168
792 2152
2683 1309
437 2103
2291 1660
1436 166
2622 1829
2803 2166
2533 2403
2807 400
2038 436
2555 1007
709 130
2209 400
573 2963
1132 1170
732 2315
717 2444
441 2986
1392 2925
1031 1359
84 1607
1176 306
2047 924
1765 787
1066 1358
81 483
1057 707
1236 1389
227 1425
537 523
1419 1458
2721 2213
1625 2017
513 918
2715 1795
2092 2896
430 105
2343 1057
2101 1472
658 2030
2848 2693
298 53
344 2720
1240 1396
917 2387
1185 2390
1642 879
1008 2552
2633 1905
317 2821
312 610
788 1003
1013 1889
2463 2982
1759 1907
1596 892
2832 827
2212 2246
1484 776
2652 1782
2632 1302
2241 1397
2035 1057
2469 2246
1735 2383
2346 272
1014 1517
1838 907
454 1783
1118 1880
2758 33
1689 2940
859 2087
1449 605
1666 769
2057 2331
2946 1745
731 2548
722 2691
1281 2510
2921 2255
2999 823
517 2750
1817 1366
532 1082
2939 483
2348 1679
1890 2043
2758 516
398 1614
194 2522
262 1098
2089 958
611 2805
2618 116
1548 1938
2148 2408
1385 1931
888 2248
2579 2658
1150 1908
324 811
1575 1776
294 710
2967 736
1019 232
178 305
1201 2339
1797 1116
87 1191
2848 1749
1342 1027
1319 2667
2910 2544
200 2864
563 1108
1283 836
289 1969
777 2917
2375 2881
1698 2961
2982 659
1265 1150
2199 2197
2509 1639
1379 1609
2013 1508
1501 1733
1282 2066
578 1779
2267 939
314 920
2310 1096
2096 678
2848 1537
2698 2673
225 1292
1149 1838
2772 531
1077 1422
74 1449
491 2821
917 176
2996 71
563 948
2022 2588
2643 133
2813 307
2813 2302
1706 2205
1704 1913
686 128
2312 2427
272 680
588 397
1815 539
1293 2325
1681 1574
965 2714
2802 1926
504 757
1502 22
2162 2418
781 751
1570 2689
2964 1291
1589 2634
2283 426
2375 2163
553 27
2290 314
44 1910
1997 1485
2731 1615
2741 910
2895 1538
2296 1752
1583 687
644 1928
825 1320
2901 2948
1688 1060
2123 1431
1240 2848
2210 2161
1998 2825
926 1871
665 2091
1157 1481
657 1767
2304 2684
1272 259
1233 967
7 2483
735 1735
482 263
451 843
766 2780
1264 2814
2542 1302
2762 2853
1095 1943
2054 2605
2908 1881
290 1233
1711 2662
2810 1262
1104 1200
566 400
978 339
2006 702
2255 707
1577 2723
1545 146
2122 358
2635 981
2877 1229
2173 1775
945 1508
2304 518
760 2177
2057 1175
18 1813
1105 2520
1211 58
964 1809
2931 2475
1365 2360
798 1509
2770 1919
2974 2534
980 43
1615 2493
2692 154
2605 887
741 201
2270 2052
1220 2215
1048 1508
1277 2323
2584 965
1698 254
1900 2964
368 2876
2611 2245
633 254
2157 2969
2436 1917
1885 67
2380 1840
895 1913
1927 1304
2618 2331
973 2805
254 404
2608 2944
918 75
386 2538
2324 2194
1194 2760
1752 2850
1979 716
2910 2916
976 2632
915 2589
772 107
701 2965
1636 35
1693 2956
2969 139
1723 804
264 1940
815 273
2770 2167
2548 2156
780 1088
1578 2721
2100 2657
1365 2961
375 568
2841 1681
1349 1466
2346 221
168 2409
461 1667
2899 2622
896 1241
2298 2418
664 96
1335 1615
2490 2791
452 2929
2017 1241
2196 2299
2195 1272
1411 1390
1745 271
2168 487
2654 685
2900 2037
2396 2165
2787 1614
2490 376
2354 2976
2276 2805
702 86
2821 392
2984 669
1485 2475
2131 98
2893 2194
2355 2181
865 2842
1962 2006
1834 1530
2800 1128
594 999
1607 2320
2337 1972
1911 810
2602 2949
142 1072
1986 2684
2471 2904
732 1113
2188 2829
546 652
1317 351
2400 312
1457 136
407 1321
1283 502
1183 902
689 2738
571 301
351 2151
350 2011
2727 1230
2976 890
1813 338
2121 1488
1373 2817
2917 2727
2708 2899
45 2334
2120 2764
2040 19
1044 673
2165 1477
271 2214
2518 1825
1631 59
128 1863
1456 2723
2609 1909
2445 1153
2746 2421
825 741
2374 1495
561 964
2453 1894
1104 933
683 1040
1680 1435
755 729
2736 2241
712 2213
727 164
456 2817
2302 1118
2319 2720
1066 2605
2372 405
1352 1853
2771 283
2595 170
1361 2023
2849 2337
2150 2342
1664 2775
1741 769
390 1615
1278 742
932 745
2036 2673
113 2526
2173 2980
184 1624
1260 342
210 1184
1986 2738
600 838
1802 1122
656 1626
758 1062
1383 177
719 708
746 2354
2613 161
1845 2862
697 2162
2616 665
2434 2060
2697 2678
2086 1887
1665 1530
2498 989
2693 1461
1825 638
446 1424
1758 969
482 980
2377 2046
1510 1731
1092 2849
872 2596
2781 2584
1390 2348
2316 1526
895 1704
1670 372
2409 235
2365 2241
1438 293
336 2307
742 1734
188 514
2606 2306
879 2716
2121 336
2295 2605
1991 1607
2919 576
88 508
1789 1316
1666 2515
948 254
1779 250
2117 2634
168 1654
1181 2873
1957 1852
1389 1867
118 1255
359 103
1384 1654
2304 460
266 984
1500 878
2794 1307
62 1872
1651 1614
1450 231
2080 2573
1781 1615
932 70
1914 121
609 2829
2678 280
1964 1058
1679 1411
447 2136
2796 66
776 1088
1743 1755
2937 2159
1236 1406
135 2359
1324 2819
2725 1354
664 467
450 2449
588 1201
668 280
1236 712
566 2807
2385 2611
2828 2434
2087 2269
2059 2563
2258 202
800 241
1935 2605
2315 1113
1149 2359
2208 483
2867 2562
2048 958
1771 391
2719 516
345 1163
1695 2863
1065 1286
60 2113
2130 1859
794 1621
2476 1899
2922 2872
195 564
936 1720
675 2476
2949 2898
1062 2819
2493 232
339 805
2990 1032
303 2839
168 1460
2852 1846
697 2792
1741 2515
2524 1403
962 2325
904 953
245 1613
2120 1368
1575 151
369 2543
2385 1879
1909 81
2694 741
243 458
289 257
310 763
1645 2705
1584 469
1337 966
660 2605
1178 2941
5 2701
464 533
2325 2601
2948 2265
1078 2958
2003 2917
2389 938
1631 690
2572 1759
2777 2967
2100 425
510 2003
784 770
341 488
2865 904
835 1189
2165 399
1506 458
1981 1767
1077 2750
2652 772
981 1570
2445 1768
923 2263
533 214
2823 2069
2120 1178
2432 2593
1343 625
751 790
1810 720
2081 752
2109 66
1063 192
517 2617
2764 2977
2197 2084
282 1078
613 900
106 1758
381 871
783 925
388 517
137 983
2230 393
229 448
2140 1840
1809 1621
2420 1291
366 591
2952 2057
904 756
1725 614
2525 772
2952 2331
519 1960
2948 233
2639 2650
232 52
2784 2883
2928 611
1788 1924
956 1052
2170 1370
2648 1897
1770 2926
1797 2756
2305 343
2899 893
1909 461
1127 2392
1735 1033
949 7
1650 2305
696 7
2316 2495
2656 1269
1955 1460
1981 657
1587 206
159 1406
2903 1191
1249 805
1637 266
2129 1566
331 1025
2364 528
1587 2949
66 9
1480 2915
1644 2329
882 563
2445 705
1540 1809
2501 1192
1487 704
2126 494
1395 2756
2595 742
672 1736
98 1434
353 359
10 1234
1887 1678
1037 479
1834 545
2563 1847
2608 1694
645 2266
2634 2981
1045 2986
2696 2449
1108 2351
687 1711
227 791
1107 2061
1619 2511
257 2101
1025 855
2323 1759
354 2339
2434 2304
640 2895
1898 665
2306 2997
2434 1822
2043 1872
1190 2245
1742 148
2731 2951
2758 2719
49 1007
1909 2939
2201 212
1109 1763
812 2597
49 835
2475 824
2283 1631
2236 1769
1904 2958
1889 1237
2133 1212
992 2376
1289 2228
2585 2200
1651 1150
2139 2548
2891 1198
2061 68
1647 1071
2688 2486
570 2017
555 2902
1069 1436
905 125
2425 133
1619 567
1251 134
1553 430
2867 1954
2603 517
1162 314
938 91
323 2745
680 1348
522 2015
1950 2188
1155 2023
1247 893
175 2304
1188 2317
1386 2378
2690 2588
2325 2898
737 1245
2269 518
1022 811
2909 278
2800 77
1474 188
2115 152
2659 1992
2153 583
1267 2042
2013 2394
1138 860
2537 446
1642 1697
834 2618
305 1525
2748 1298
2627 373
2026 897
1178 2977
684 527
2587 2002
477 1444
504 992
138 2889
2444 1372
121 2890
881 2139
871 903
1655 287
2225 2199
2699 848
2714 1485
84 265
1227 2713
16 2932
2351 2650
2613 2854
2317 2160
30 1584
96 2919
125 1031
2235 507
772 1782
2905 2075
2612 2129
2472 1880
1449 377
1605 2534
1553 1902
400 732
1812 2508
2836 986
2924 1069
2282 1052
900 1039
2013 945
1521 169
1271 591
2300 1773
755 904
1497 1174
1171 2901
261 1375
1294 2001
1417 1164
2990 2971
99 2699
9 163
134 360
2336 2607
2096 12
2307 948
978 2017
583 2870
1639 2612
190 651
2241 505
2068 1624
3000 2038
957 1507
1297 314
2765 1558
443 1469
1759 2496
1965 457
1190 1024
1958 2403
1908 1651
2088 2700
405 1671
2985 2468
1210 1830
1255 2430
478 1555
2612 1566
384 1988
1808 1787
41 121
1822 2712
2787 1855
1645 2155
2427 984
2476 548
1874 2226
2536 316
2391 408
1480 2418
1822 1585
1640 523
811 2183
1568 2150
795 776
1903 2245
316 1816
2604 1553
1707 1604
1737 1057
1905 2172
342 1847
2807 1020
1229 609
2918 1533
2891 2349
2173 311
1278 1973
999 192
1103 2013
343 937
376 1906
183 315
2435 2662
2787 1688
2283 1823
1326 821
2157 139
312 1633
1279 98
2942 115
475 2280
2329 1587
1913 2686
2023 1441
2437 2056
787 2138
942 1132
752 2005
1587 2618
1353 583
2741 2557
2730 158
2171 2903
2469 2969
1515 707
2870 1243
1443 2112
2976 2777
828 447
704 497
1104 1888
656 2620
2512 1747
1217 946
1026 1167
717 1950
2577 2299
1692 1339
640 2318
2711 2422
415 1176
2999 1558
240 2701
1408 1315
2883 1167
1663 1502
2176 1676
270 1782
1137 2061
1060 829
1858 1783
2410 2007
2159 197
2046 980
2287 1733
1137 1776
658 861
940 2394
382 2653
2838 2754
2986 1976
2803 477
1004 1919
1083 1025
1069 1778
530 2888
2129 1651
1918 1605
2519 152
2080 2220
2083 1880
648 2939
1396 1416
2390 998
396 2454
1363 2613
2864 1596
62 996
2548 303
2056 149
944 2834
200 301
449 1731
2906 1887
364 30
1626 2561
529 1792
1127 1998
2989 163
2998 1478
395 710
1873 2731
2316 290
305 530
112 1293
1871 2891
923 1368
1389 708
2532 2609
563 2514
1944 879
423 2658
1143 382
586 455
2657 1145
1731 1260
1793 96
1368 1313
1291 1315
2588 1501
1692 457
369 663
1637 554
2612 1761
253 22
990 12
1771 88
803 670
1963 1725
2556 2986
2060 2269
1601 1535
1659 546
743 691
253 222
772 2959
2688 2259
2886 842
2817 302
1737 1730
1146 986
1535 2978
740 1714
1781 2877
1548 807
766 173
645 1215
1078 2854
2896 2933
2309 1172
1987 77
170 2202
158 1110
2036 1827
1675 2469
2302 1880
1058 689
77 1286
2090 2311
151 1137
2465 2771
1010 2182
951 716
2383 1256
1676 2103
938 130
1526 290
922 239
1183 591
98 1641
1365 2996
1174 526
1587 116
2223 2889
14 639
2148 1474
190 1986
474 713
2174 2695
1456 2868
2041 2761
1661 2282
2744 2723
1655 886
2352 2141
2314 2352
2312 40
2942 695
2503 819
2469 1858
642 279
2278 1943
1619 2830
360 1146
1182 616
1162 1601
794 2029
1631 1838
2110 1676
2373 2621
1291 2859
1042 239
2304 2828
2700 97
2895 1721
1448 1857
1325 1896
1878 1799
1886 2403
1790 997
227 1364
492 2245
2848 1882
2605 1262
1943 2616
2918 1645
2234 1514
216 2173
710 27
2206 647
2954 2051
2549 2119
1790 839
1233 2855
2296 1541
1351 1956
1651 2212
1256 847
2045 599
2072 179
166 2907
2152 2948
839 550
1619 2262
1583 554
2003 1550
884 1415
2555 835
2440 431
626 1060
2545 1879
1078 1768
1934 2208
1357 2348
1928 951
1182 915
1031 1561
481 1077
494 2876
2972 127
2783 2492
2683 1365
934 1997
737 1891
2009 1367
1026 260
312 150
1375 2532
2186 197
556 2741
1898 2627
1356 1885
2235 2186
1413 2338
700 300
1681 2795
299 1216
2680 726
2640 647
406 2802
88 1495
1227 888
737 2401
805 1830
658 2137
1784 2815
2554 664
2798 2791
1470 228
2610 2952
2518 1075
1291 1640
1291 2879
1894 448
2710 2788
2280 1629
2119 1201
2919 1793
2500 2643
1959 1084
131 2867
2492 892
343 208
1335 232
658 1249
1123 2121
1065 86
2523 1256
2241 1949
501 1664
273 597
2974 1784
2840 933
1979 951
2258 2320
2607 274
1445 1853
2767 1949
2496 1638
791 1364
2813 515
722 72
1684 712
580 101
2724 576
2061 734
427 1859
220 1220
576 613
1263 2034
713 478
2232 153
2643 26
1103 940
1534 2528
2714 2066
2717 2984
1968 108
1589 12
1544 2420
2622 2268
1260 2563
1665 2607
945 940
702 1254
2275 1570
1742 2988
361 1670
385 2512
1707 182
2760 851
2178 1259
1986 2304
1895 905
1886 1170
2713 2312
227 685
340 1618
1209 1635
2787 29
2665 2534
1248 1800
2762 37
352 2132
2134 1426
2958 2578
568 2072
175 518
1426 722
1955 2009
2095 1118
2580 2372
1324 1525
2997 661
577 1508
317 2119
1503 1069
305 1926
2780 1454
771 2022
1782 2482
2624 125
1627 1813
1084 2870
2545 2428
558 263
2595 1228
938 812
799 1834
2452 1819
1652 144
1864 2894
1172 765
1491 1372
1645 2586
2073 2294
892 672
1946 1011
695 989
62 1474
2827 1799
150 2715
66 1089
584 490
2256 255
2819 758
2759 1840
308 702
2159 2126
2805 1255
578 839
2069 1348
2130 1606
304 437
1886 1384
2056 1592
1363 2928
1872 2148
812 2320
817 1028
1014 1524
2388 2314
2520 2224
1930 957
2120 2263
1515 357
417 2805
2821 2770
2844 2679
2094 1375
2367 2987
816 2849
2430 2079
315 1342
670 1603
35 2222
1056 598
1214 2916
361 2994
2297 2680
2297 1271
974 699
1465 787
890 2361
2723 1155
2187 2613
1442 2903
226 2505
2103 2598
1223 2648
872 1620
2534 1784
2990 1509
2017 2621
1134 991
1971 231
2397 431
1895 2662
419 1917
819 2820
2873 1619
2797 1604
1138 2687
2636 1794
985 1723
1279 1731
978 1898
2710 1514
1605 2898
87 1442
1477 1150
1707 1234
232 609
1283 2036
771 1415
576 92
766 1857
158 2594
784 1539
2489 1563
289 2101
771 800
446 1610
2473 1297
931 1773
2471 1343
705 1078
917 283
1469 787
391 1727
2210 2891
2401 636
1882 1596
1910 2477
797 955
2249 2760
933 1102
818 2226
2464 1442
2820 2990
1241 2972
1030 850
233 2957
1298 2717
420 2081
1167 1450
1374 1604
1381 2738
519 2413
2831 2064
422 1731
1997 1529
1076 742
841 1500
1509 218
202 2933
385 2651
1546 2519
2014 2930
1327 1078
510 1489
1416 521
2469 1820
1200 2156
2394 520
2867 2352
2454 2508
904 1856
2160 1188
193 2770
607 1103
341 356
2377 1403
100 1297
1246 1104
1456 2271
1827 2322
2866 603
2426 305
1590 483
1846 683
487 1350
1225 1052
1443 718
2677 2253
1187 275
1408 1544
1646 600
2822 2214
2089 478
2561 2620
2907 2924
1998 2392
2281 1706
364 469
2693 2176
712 1867
1982 1565
1646 558
787 814
2545 2770
2207 413
2584 1977
2087 518
609 821
771 1966
1730 2343
1368 32
801 386
1730 2035
1646 1403
1946 2535
1190 501
520 1103
956 2827
1505 2148
992 2444
1345 1922
1368 1974
1217 2132
1056 2523
2742 924
1010 2768
223 2999
1083 1652
440 76
1964 1986
922 1532
219 513
1955 2311
2346 2003
219 1363
2344 2397
393 515
2553 2074
925 1838
111 456
410 341
163 66
2823 664
2409 2897
2324 1415
1823 690
2861 1285
869 2611
878 841
2787 1023
277 728
2888 758
263 980
776 1266
1071 1852
1375 1232
2071 1360
2271 2723
101 294
2156 2053
563 1073
1103 1268
2084 1812
1162 1659
2525 2088
2561 1561
1578 708
2901 2146
1871 1541
1443 2455
2218 98
2823 1348
1325 1207
930 1665
1631 1087
619 2401
1031 1865
2033 316
1216 1517
1778 2907
859 1986
2526 599
62 514
2741 2658
2681 1371
1702 870
1331 1025
2507 303
999 2802
173 1454
2476 394
778 1297
2199 2892
2914 2741
647 2117
1272 1798
2826 897
2990 1464
2348 256
2041 24
2383 1838
1712 489
2741 975
979 1052
212 2205
117 371
2026 1484
797 870
1640 537
1982 2543
79 2007
1761 721
2122 1288
2878 1773
2333 241
1340 1953
2376 966
1244 618
1421 2300
2710 2993
2012 722
960 2093
88 2852
2194 1262
1103 1398
2308 2020
478 1379
1796 2469
2662 1031
1952 2903
141 1670
2233 1162
1786 557
1196 1293
1327 2854
2838 408
110 655
1412 2345
2801 961
1928 1491
1024 1017
272 2919
2034 443
2637 915
1501 1370
144 2077
1777 385
1246 2053
2119 491
2506 944
1198 1871
131 1954
2068 2673
1770 1839
561 620
2468 2728
546 1932
1505 1487
2529 1745
1491 1979
2618 861
445 2156
2023 73
694 2532
1995 2199
1910 1061
102 1887
1422 645
1797 1842
1806 1646
791 237
107 8
395 410
1662 2121
1093 705
1013 2844
1331 1993
353 507
1190 2611
210 615
1469 94
2056 1069
1750 1433
390 2379
904 2768
1610 37
2482 876
451 664
2908 850
382 12
1150 1387
2693 462
1592 2711
2162 573
2120 2854
1349 607
1284 2198
2304 115
2944 1827
1741 2777
2902 2720
2142 357
1057 242
2675 1412
363 2046
1953 786
227 2654
1926 1230
1020 433
2899 2881
1670 1203
314 874
2469 2436
1838 1054
2349 1198
2863 731
1157 1786
1165 560
2274 1508
708 2638
1708 242
364 2871
1100 1344
1835 2022
933 2156
1346 513
1618 526
784 1770
863 998
403 2391
1040 1416
877 2557
203 1628
1982 2971
2288 2606
42 2686
946 1676
1293 251
2720 2631
1372 2328
7 1999
1808 1876
1644 1587
171 1819
555 986
1121 2885
2166 2930
334 600
1684 1867
25 300
469 2606
347 2140
2718 1183
1525 2168
2338 642
2656 4
1277 1759
1175 2610
554 2510
2895 2822
2537 37
2867 1006
1893 315
2521 2760
863 177
339 2778
197 2126
2081 2252
2416 1522
1650 57
330 259
2016 2246
321 2330
16 2071
162 1375
50 1806
2437 1187
10 2930
2463 2005
853 2072
1030 264
1702 2443
1936 16
1108 2650
2339 544
107 78
1989 2579
486 2619
598 2523
2081 2005
1512 2136
1604 1294
2736 843
2378 1013
2460 1385
158 2970
102 751
2546 497
463 2026
729 1412
568 2301
140 346
382 1613
2632 2987
1129 1558
1115 2425
2567 121
2155 2474
604 713
1394 2159
2349 587
1047 2168
2120 32
2777 425
491 2549
1768 1093
237 1499
1716 2237
1243 1353
1077 274
2887 404
712 1406
851 1221
2050 70
2746 2872
808 2802
1766 1096
2499 1049
333 1431
558 363
252 1360
2255 2789
1284 856
2270 1938
2303 1569
16 657
2022 2170
2644 1514
1757 259
138 362
2501 350
370 697
1211 1490
773 572
195 997
2669 2895
503 1358
2395 423
837 77
214 583
1613 66
2072 2581
1645 2116
210 303
1633 1795
1718 2944
1545 988
987 390
1267 1971
649 1957
861 1410
1547 2510
1431 1487
1548 1996
856 2003
993 2942
1251 986
788 1854
715 1232
271 647
2506 2834
2860 1942
986 1728
2605 1358
1396 211
1721 204
192 2802
1442 2171
1254 2900
1284 2943
1845 1607
1499 1364
1774 1501
1314 2052
273 153
685 156
2083 412
2695 2178
2394 945
2544 2761
1697 879
1589 1980
2558 692
1261 2050
480 1840
2645 603
2237 1565
2425 12
385 2842
453 334
1699 436
2944 1624
1273 1182
117 2477
118 2928
752 1797
1010 1025
1739 2487
2712 1923
1451 1504
1091 2791
1649 2245
861 1587
1616 2255
450 2301
1711 2435
1778 1851
1354 1381
1640 724
2223 1190
2556 2945
1923 1732
86 2874
92 613
1472 1248
2469 522
292 147
2984 10
701 1614
2948 2093
504 2376
692 2685
902 2718
2205 941
1208 2584
2010 2495
60 636
2517 329
1188 463
284 1926
1607 2862
2825 487
668 2678
2469 139
2781 1208
1664 2956
591 262
2465 176
1297 1836
1673 2871
265 1963
1228 509
98 342
805 1174
1793 2554
2060 518
1693 2775
1142 2057
1832 2294
1169 1063
2234 11
2272 997
1647 649
1380 1566
775 615
1504 2332
2743 737
1917 2469
1490 1934
387 1460
324 2183
342 2131
2707 2060
2535 1011
758 305
753 1162
333 1672
1775 811
717 2866
429 2787
2936 2798
216 811
2425 245
2406 454
531 268
2750 1954
152 1038
1089 1613
1720 572
1857 1454
2191 1833
645 2314
174 2875
768 692
582 1524
185 2484
2996 563
2728 2770
86 837
1600 2901
2384 218
300 2038
978 1270
1672 1487
1313 1178
1537 904
1227 2595
2095 1880
904 1811
784 471
704 80
1605 1864
1335 2877
1385 1002
1511 716
138 2245
2979 2948
32 1078
182 1234
945 1103
1050 1153
77 1128
1752 1129
223 1558
2397 873
14 2273
1413 293
1496 1031
914 437
1519 308
578 1816
704 2043
1645 1911
1361 2540
2019 1676
1082 997
1139 343
1348 875
701 1908
2006 308
2018 2167
2544 2876
1951 2903
192 1169
2430 2805
941 2260
1762 324
2142 569
2489 2468
2234 2672
2051 366
169 100
2232 829
12 1613
1553 808
2464 1930
136 2917
1698 1012
1168 342
1658 1858
1728 2664
2186 186
1934 1211
445 1717
1491 717
228 2573
276 1093
1092 2706
1907 1092
597 280
1807 1973
273 2787
1208 1485
1058 2304
888 2605
2255 2249
400 2315
1609 2089
521 1040
484 696
1859 1606
2886 939
1952 1191
75 1244
2570 1863
2880 2068
2531 1150
27 1600
2444 2726
1598 142
1033 1186
1223 499
1284 322
1795 610
1153 878
2561 1031
878 2114
1498 2885
577 1627
600 453
1647 1852
66 2989
1099 1640
1046 981
876 2133
996 1471
2914 938
2731 2379
105 1553
1408 386
938 1094
2698 1718
2850 223
2162 994
1722 1162
2901 1841
429 2232
2469 2157
116 1481
1451 490
2434 989
703 1869
2057 691
1350 2925
2046 50
1086 957
2672 1514
2650 2251
1162 2266
143 2356
1128 2541
416 2007
2846 1121
2354 911
2876 1657
1342 1291
1288 1712
2283 1087
2596 128
2840 1246
2298 1563
1663 879
2898 206
12 1143
2927 739
2424 1466
2854 1974
111 1646
1015 2084
731 658
2724 272
1838 1599
1252 2016
875 680
2282 807
1611 1716
2292 1848
2790 520
771 2333
1336 2178
2710 1274
1286 1188
915 1332
1702 1670
805 2778
1727 1038
1896 2967
2501 2853
861 805
1350 389
1422 2314
1520 153
2676 2723
810 2514
1776 2532
504 1979
1113 2209
1210 378
181 1042
1278 2148
1572 1286
1340 2292
2928 850
1989 423
2481 2901
403 674
2605 1227
1961 368
47 1213
1670 2906
902 591
1064 2288
810 563
1125 2948
235 1654
202 938
2005 2659
1997 2981
568 2190
461 483
113 2629
2200 988
2041 2704
1557 1125
2431 1581
2190 2817
2942 1100
2382 1895
1251 531
1138 1449
2753 2400
1607 1766
1624 2294
2497 1096
833 1403
2648 959
1954 2388
615 2839
354 588
1469 128
196 2573
144 1083
436 2944
47 633
2065 2479
2447 1405
2493 987
265 1607
1424 37
254 2683
2121 714
774 602
2248 503
2795 1574
2026 776
2800 2541
505 1804
2416 1731
2725 2782
998 1383
2064 2924
2436 2969
2175 1847
745 35
704 2148
2833 2539
1662 714
2546 333
1317 1493
2819 1332
893 2163
355 124
1153 2613
1729 1086
667 935
314 903
2125 1515
1476 2659
2300 1289
2206 2117
1001 544
1025 904
1961 593
695 1923
369 2237
1030 34
369 1509
1007 2255
674 2875
2080 228
2052 555
927 117
1248 2101
2607 216
2100 2777
1773 1421
100 1521
2070 1365
1112 1145
1001 397
2108 1508
1671 39
1316 2052
1277 1638
2782 1381
1011 2219
385 2810
2097 1508
610 2715
52 2493
1476 1393
2588 1708
2003 322
2801 1892
733 370
2469 1658
897 13
520 1627
1491 2413
735 2359
1581 828
961 1445
2730 2776
1652 1331
854 1913
1333 2417
2861 1563
984 40
434 720
2982 2423
262 729
2542 1683
2574 2158
1848 500
1413 1293
2079 417
1795 2619
1846 1423
2501 1967
2864 2221
339 2972
1372 2414
2973 101
527 780
2843 2661
1728 1316
866 2454
37 2551
1271 2045
1829 2881
1375 68
2969 419
1621 1540
1157 1276
1235 2970
1834 2607
2311 1460
2047 2111
2595 1527
2673 2322
2644 2164
2798 2490
1673 469
687 2510
391 1922
2456 2368
1483 2100
532 1667
182 2022
1202 582
784 2746
376 2936
1030 118
2719 2884
92 272
1192 2926
79 2111
1220 1997
2053 303
1036 1989
979 2902
30 2997
2167 278
2066 965
2490 330
1978 1668
1617 2313
2585 177
2357 102
1352 961
1023 1520
1466 383
1183 2297
2006 840
501 2956
844 2583
2286 563
1047 2172
2677 7
2569 2606
2563 1731
1447 583
1952 1442
572 1116
1076 170
369 624
1581 707
1538 2946
708 975
1686 2075
2798 376
1354 1058
10 1604
1668 1201
1175 834
1292 2401
584 1773
407 2978
1041 2605
2664 979
121 2390
2889 2709
1935 2842
486 11
2734 2598
2673 2148
2252 230
989 2991
1465 1263
622 1159
2898 2534
2132 2350
568 1081
2942 2828
2963 2468
1389 386
2720 1687
1972 2572
759 2155
219 952
226 2691
1295 1375
2001 2797
1895 2435
868 140
2232 29
2966 2895
2088 852
1604 2830
1643 1997
2541 23
1753 223
2280 1927
1946 2219
407 753
2647 851
1933 2024
535 1525
964 299
2606 2217
2624 1561
299 2075
2870 2869
386 2721
2149 999
2468 1480
1741 1702
1365 1309
1340 2740
2502 478
1595 2530
18 1508
572 1081
2438 7
1806 1403
2130 2719
2096 1351
2487 546
2619 2993
2639 1911
2805 2968
2931 818
289 2839
52 1335
915 1965
1424 560
433 2140
277 2165
189 1284
1670 2431
2895 1945
423 2579
2371 1793
687 1359
2761 2754
2095 412
555 1789
1661 2052
2393 2412
64 67
941 683
278 1919
2306 2871
1736 2693
952 1363
560 37
195 1123
1152 1731
1618 978
575 1835
2926 1187
538 2438
672 2492
1644 1175
2426 758
2505 722
1116 1842
2704 2629
2128 2918
1896 2742
515 1209
2176 2598
2827 1052
596 1073
787 2906
50 2524
1763 1
2505 2134
2010 2367
2594 1885
2056 444
2142 2125
2320 2310
2790 2108
77 540
947 98
1384 541
992 1261
2589 1332
1098 513
191 1075
125 656
2225 2720
1134 953
1493 2151
352 1676
1509 624
222 2402
2739 2352
751 213
2947 2176
978 2627
2799 2482
2846 593
2221 301
588 544
399 765
1092 2323
1230 428
2967 890
2453 448
167 1497
83 2735
2844 2378
804 825
2031 1771
435 408
1997 2584
2004 1771
2974 2894
1258 166
1966 1737
2444 2866
1667 415
2545 763
887 2595
2548 236
54 2514
484 983
1653 2323
1421 1880
2678 1808
2090 1460
1887 787
231 849
2618 1175
582 1517
2128 2474
975 1408
2867 260
2415 2027
1100 989
538 2483
624 1716
2977 2263
2641 602
2133 2482
1199 511
2830 1680
2484 2632
23 2147
2362 1155
2014 2717
1078 1178
886 1752
1534 1582
699 106
1535 1162
2932 1360
2928 1940
48 19
636 2476
2930 343
1587 198
2316 1164
189 1352
2541 540
2324 1262
1934 1242
792 233
2468 2915
990 1980
1867 159
1895 1583
1644 861
1181 685
489 1288
1223 959
880 233
2731 2204
1469 2570
636 2722
1880 2228
2003 2198
166 1778
2933 2437
1270 2550
330 2195
216 1077
1624 2038
2214 2539
2156 1102
321 1478
2294 681
233 1468
305 857
2994 790
2876 674
1088 1188
1037 1635
2214 223
202 2820
702 1379
1485 1529
2550 378
753 2978
2344 654
1711 129
2830 2511
1113 2807
2618 2057
2117 2833
1706 2461
2985 2861
1096 1607
2696 1957
2468 733
2165 815
1190 138
2292 1953
612 12
126 2770
2545 2517
1118 2228
591 2041
2321 1847
1450 2867
508 1051
1324 2426
1176 2121
1326 609
895 2686
2816 292
1490 1242
1150 90
1731 2185
1472 1710
2693 2598
1514 1274
1498 2003
788 2939
158 2776
552 2111
2717 2748
1666 2100
1592 350
485 2572
2992 1079
688 399
921 2165
2615 787
591 292
298 1387
2785 1971
1699 300
883 2165
2330 399
2076 1577
980 1958
2924 1778
904 1598
1188 840
351 817
1215 2352
162 2609
2542 185
2431 1702
1985 1241
258 1153
126 2032
287 886
1753 2850
1764 848
2902 2052
1661 1314
896 1746
574 2528
2906 2034
2679 1634
254 2070
988 2623
1633 610
340 2407
1040 211
782 2954
2190 1369
1557 2901
1634 1154
2074 119
1079 501
2388 517
2322 1718
515 762
2680 591
166 2056
2255 1189
1158 2402
708 556
2624 2565
153 815
117 1061
1847 2404
1830 1241
644 1960
2981 2117
1317 331
2541 2686
2312 180
2777 825
1680 2014
2159 359
1968 1838
1164 1526
335 2006
2917 2457
1446 339
2154 2314
2573 393
624 1032
1254 1609
713 525
539 907
752 2072
2416 1279
514 1471
701 597
1737 2022
988 499
2467 1918
117 977
2438 2178
2425 678
2505 72
2836 1728
838 2207
1371 951
829 1023
2498 2623
1692 915
1205 2553
921 597
361 1366
507 359
1082 1382
2852 1038
1511 1040
1846 2205
687 1227
2329 1481
2334 5
2142 1057
2686 854
2593 539
2084 2010
413 1806
1078 878
486 2715
432 409
924 1942
2858 116
2908 954
1065 702
1134 2193
452 625
427 2719
97 270
2620 1430
2168 2888
2606 992
1425 2494
2758 574
1544 1291
2200 146
2249 1221
317 2032
2274 2790
1154 2844
234 1384
1288 1589
2516 1233
1837 2498
1848 2553
2231 1751
2098 1861
2720 1109
1187 2064
1187 1828
2958 424
1943 244
1191 1951
183 1195
382 2585
2349 2411
300 1624
1625 1746
2382 2624
2618 2952
242 2690
2693 1028
708 2389
2843 2785
987 738
1487 1474
1016 2306
1810 2367
264 822
812 708
2917 2158
1743 2168
741 2443
47 404
2064 275
2904 452
684 2257
1190 2723
2230 2573
47 1414
2371 2919
2884 427
326 2112
1411 2330
1562 112
577 1048
1284 510
1796 2246
2468 2545
1203 2811
1977 1485
2738 2304
2469 1929
235 2009
1816 250
1968 1026
1622 1103
2201 2461
1110 1235
1691 273
1604 567
2680 2954
2539 2206
1093 2285
631 1283
2976 2967
1731 1812
2436 2212
275 166
2955 899
335 749
1168 434
1774 2022
2270 1996
1329 2732
502 2673
1475 23
1614 921
605 2464
1581 835
2534 2815
558 319
