2400
100
47
41
66
98
22
24
92
39
89
84
84
93
77
92
62
58
68
36
21
17
85
86
97
57
17
50
84
14
70
88
71
55
35
90
71
75
100
16
52
84
61
72
47
81
27
56
61
35
67
84
51
77
26
67
19
23
35
99
96
86
33
32
91
32
43
24
70
29
20
75
60
35
100
46
46
60
78
66
81
61
14
81
61
66
75
73
53
19
54
23
20
45
42
93
28
17
93
60
40
28
63 1
27 3
35 4
83 6
65 7
96 9
94 10
63 15
11 19
40 11
91 20
54 23
37 24
40 27
44 31
37 32
77 35
88 40
21 41
97 21
78 42
26 45
83 47
66 50
95 54
34 55
82 60
56 62
51 65
98 66
5 69
63 5
30 63
39 70
12 39
36 71
56 74
78 56
64 75
57 64
49 76
93 49
92 78
89 80
99 82
2 83
57 85
72 57
48 72
16 48
18 88
37 18
30 37
26 30
77 26
79 89
52 79
14 90
12 14
68 92
8 68
44 8
59 93
87 59
16 87
29 16
12 29
17 12
13 94
2 96
61 2
22 61
25 22
17 25
77 17
99 77
86 97
52 98
44 52
84 44
43 84
53 43
73 53
51 73
34 51
91 34
86 91
95 86
81 99
36 81
28 36
13 28
67 13
58 67
95 58
33 95
46 33
38 46
38 100
