10595
500
11
72
26
62
42
67
71
32
87
87
72
58
15
84
51
80
40
91
10
26
51
66
71
54
42
40
12
11
64
46
70
39
65
12
20
64
73
39
60
75
71
36
66
23
77
92
84
84
96
63
70
56
53
93
92
71
72
95
21
24
23
41
90
60
34
33
59
76
82
93
50
69
11
37
94
59
67
35
47
69
61
87
91
75
90
71
50
77
94
84
16
94
86
44
16
72
88
48
21
71
57
100
62
48
48
81
50
96
56
74
54
87
43
12
11
52
11
62
61
49
46
33
33
34
79
47
79
84
26
16
36
16
64
34
78
69
73
40
88
49
49
10
14
19
88
69
70
25
75
73
44
16
38
43
36
79
95
97
53
61
26
81
47
90
75
65
73
55
88
14
58
34
99
29
59
27
42
87
30
68
37
56
57
67
13
89
99
71
50
96
46
74
62
63
28
94
34
87
87
99
84
78
15
37
85
22
58
14
45
34
100
24
26
31
43
45
36
40
65
70
100
12
56
77
88
12
99
86
18
64
67
41
73
76
31
92
62
35
58
65
35
41
84
25
98
58
56
14
88
57
82
40
75
29
11
70
13
25
19
71
17
28
48
68
82
62
64
52
23
26
60
91
28
50
82
57
96
56
69
77
36
60
21
49
63
11
91
76
84
46
43
17
97
44
98
40
41
82
56
10
69
87
56
45
34
25
76
44
76
79
27
39
86
66
15
92
95
60
10
59
27
93
79
45
66
70
64
54
67
24
12
72
64
18
71
97
12
13
39
67
90
75
82
66
67
48
20
88
72
27
38
58
86
43
39
13
87
73
33
76
50
20
61
71
66
19
98
94
67
24
52
29
94
83
26
64
75
64
99
25
78
60
17
39
74
22
43
100
78
49
98
80
93
96
75
73
72
12
17
54
81
18
20
18
47
50
81
59
99
57
21
59
69
53
92
55
70
95
92
86
35
72
17
30
34
42
54
26
28
91
53
99
43
50
26
84
18
41
98
34
64
28
60
88
30
100
72
28
81
98
16
70
23
38
58
34
62
51
50
67
56
14
77
35
38
42
79
91
28
29
99
38
50
15
15
100
93
92
82
66
28
99
73
45
36
12
98
30
15
14
75
46
94
66
72
41
21
22
22
53
251 6
485 7
413 10
491 11
107 12
138 13
331 14
259 20
381 24
376 25
250 26
41 33
158 35
430 38
363 42
214 51
148 53
160 57
439 58
426 63
175 66
147 69
306 70
351 72
83 73
388 75
312 77
103 79
497 81
457 82
330 84
476 85
436 86
263 88
377 89
134 91
328 93
493 96
224 98
422 100
202 109
392 111
17 112
252 17
119 114
153 119
48 124
143 48
223 125
310 126
255 127
225 130
194 134
370 137
366 138
355 139
393 141
8 150
499 151
227 154
287 155
191 156
62 157
71 158
147 160
479 147
117 162
459 163
102 165
308 102
315 166
206 172
56 173
47 56
272 178
29 180
412 181
175 183
236 187
348 188
64 191
448 194
115 195
45 115
68 45
52 197
484 52
8 198
244 8
87 199
99 87
68 200
308 68
393 202
342 209
421 211
488 213
488 214
206 215
174 216
434 174
335 217
171 218
439 171
210 222
440 210
290 223
488 224
201 230
441 232
135 234
408 135
362 235
341 237
378 238
499 239
438 240
324 242
143 244
430 245
110 248
475 249
49 254
268 49
231 256
425 259
377 263
132 264
182 132
149 182
152 149
128 265
227 267
420 268
355 271
407 273
50 277
60 50
330 278
120 280
317 120
297 284
300 292
335 293
269 294
377 269
331 296
212 301
396 212
193 303
494 310
233 313
107 233
434 107
46 314
30 46
302 30
492 302
305 316
438 305
350 318
440 321
467 324
384 328
192 329
31 330
161 31
300 161
18 332
243 336
315 337
247 338
184 339
104 184
323 340
247 342
261 344
362 261
380 345
28 346
380 28
169 347
299 169
206 299
380 352
250 353
152 250
285 152
71 355
185 356
206 185
104 206
229 104
368 359
300 361
167 300
270 362
479 270
65 363
231 65
37 231
55 366
103 55
429 103
412 371
357 373
348 374
407 348
468 375
427 379
308 381
95 382
92 95
327 383
419 327
414 385
92 386
133 387
435 388
60 389
243 391
78 392
44 78
262 394
204 396
453 397
101 398
364 399
380 400
372 401
145 372
146 145
204 146
439 404
275 405
225 406
288 225
384 288
422 384
367 409
208 412
18 208
287 18
207 413
369 207
226 414
395 226
262 395
365 416
438 365
255 417
176 420
39 422
177 39
54 177
43 423
402 43
143 402
129 424
335 129
76 335
32 76
334 32
369 426
201 369
121 201
74 121
227 74
360 429
488 430
62 432
456 62
487 434
494 436
257 437
285 257
282 285
307 440
83 307
2 83
252 2
196 252
421 196
326 441
220 326
108 220
431 108
80 431
47 80
179 47
21 442
415 21
415 443
357 415
482 357
110 445
444 110
179 444
433 179
368 433
448 446
408 447
368 448
118 368
22 449
295 22
274 295
393 274
144 393
478 450
131 451
227 131
358 227
219 358
376 219
253 376
175 253
367 452
287 367
164 453
144 454
136 455
153 136
113 153
407 113
304 457
408 458
92 408
341 459
306 341
411 306
464 411
364 461
497 364
175 462
34 175
260 34
5 260
143 5
478 463
378 464
122 465
275 122
29 275
23 29
44 23
320 44
315 320
229 315
343 229
377 343
189 377
41 466
435 467
309 468
148 309
90 469
354 90
438 354
203 438
251 203
460 251
148 470
148 472
378 148
427 378
333 427
289 333
144 289
123 144
287 123
322 473
105 322
484 105
221 475
308 476
286 308
435 286
193 435
496 193
61 477
16 478
37 479
205 37
192 205
228 192
61 228
304 61
36 304
331 481
290 331
497 290
140 483
312 484
323 485
456 323
186 487
190 186
140 190
319 140
325 319
204 325
71 204
425 488
298 425
360 298
266 360
266 489
311 266
116 490
258 116
246 258
380 246
27 491
118 27
317 118
287 317
117 287
15 117
283 15
9 283
54 9
4 54
262 493
236 262
334 236
350 494
311 350
349 495
460 349
189 460
170 189
36 170
241 36
421 241
60 421
480 60
474 480
67 474
351 496
439 351
94 439
297 94
67 297
128 67
272 128
221 272
380 221
101 380
41 101
390 41
168 390
19 168
3 19
176 3
243 176
500 243
312 497
97 312
167 97
40 167
276 40
419 276
1 419
418 498
64 418
133 64
164 133
311 164
159 311
370 499
247 370
410 247
407 410
71 407
281 71
1 281
106 1
143 106
159 143
403 159
282 403
428 282
471 428
99 471
456 99
492 456
255 492
486 255
4 486
92 4
291 92
16 291
59 16
482 59
334 482
142 334
279 142
279 500
