41041
2000
33
65
25
74
63
50
65
36
71
26
79
81
88
36
33
62
59
31
30
52
26
96
83
56
63
61
52
44
52
97
95
56
92
86
88
20
38
31
60
51
73
23
36
92
12
64
27
77
62
61
14
67
94
60
58
57
77
75
27
87
84
69
50
68
47
33
60
84
10
92
61
88
20
10
24
35
33
15
25
67
35
71
12
63
71
54
22
12
85
62
60
15
51
63
83
38
52
91
43
77
69
45
41
92
23
66
36
90
93
64
54
94
37
25
88
83
16
83
84
24
18
93
91
82
69
22
18
68
77
67
66
87
54
21
42
40
56
44
61
40
54
74
86
76
47
85
41
80
97
92
14
42
66
95
24
77
82
47
43
40
66
20
19
14
62
47
82
50
79
84
70
91
44
20
71
68
99
51
82
31
28
69
62
46
16
95
59
82
12
35
18
49
97
97
58
59
85
90
48
32
64
32
96
71
81
68
56
64
15
44
24
76
91
48
29
73
50
31
69
11
74
41
47
13
35
23
44
22
92
10
93
28
35
92
53
37
40
10
58
65
53
28
16
86
48
97
33
44
92
67
56
19
99
15
75
90
55
72
94
31
34
99
100
31
19
28
69
33
43
14
10
18
11
20
56
21
95
56
91
51
99
26
56
32
35
67
75
58
13
44
47
83
20
54
25
18
47
39
75
100
68
37
10
89
51
28
52
14
28
20
81
19
60
49
66
11
26
47
32
92
25
82
97
72
76
22
59
63
58
33
92
20
34
67
34
24
36
59
24
91
96
26
39
61
100
97
29
70
38
15
44
55
70
70
96
41
78
36
31
45
95
21
33
65
44
77
31
100
95
18
41
17
54
83
28
69
27
91
23
53
12
79
14
24
31
35
73
33
13
10
72
65
13
96
71
76
39
73
83
22
25
82
38
65
98
51
21
14
79
27
40
83
61
67
92
76
36
77
37
43
81
38
93
48
57
82
17
20
82
80
83
54
64
83
40
23
30
40
71
49
25
46
62
80
90
74
65
83
83
53
11
27
65
76
77
56
87
38
68
88
24
91
88
43
53
93
98
85
38
52
89
11
25
74
19
87
89
58
22
63
92
95
12
15
47
70
98
56
53
96
39
54
64
25
19
67
71
99
10
53
67
80
27
84
48
97
76
40
73
53
94
89
72
15
19
51
17
72
13
14
43
82
25
48
55
26
19
56
71
90
100
24
11
52
18
92
59
60
82
44
78
76
58
34
100
61
28
59
97
10
63
99
77
15
98
74
36
99
26
55
93
18
55
75
46
24
84
70
60
15
91
58
40
96
74
12
21
62
73
87
61
93
22
45
46
99
14
87
86
69
60
14
44
63
30
21
13
60
13
42
26
44
11
33
86
51
66
63
43
97
20
42
63
92
76
82
88
10
85
82
57
89
68
31
67
32
87
71
11
10
20
17
73
61
78
41
21
54
94
94
36
96
26
50
91
94
54
66
24
14
82
41
14
82
32
77
69
10
88
67
56
51
15
71
89
11
10
66
39
100
68
69
71
69
12
53
45
63
22
21
13
38
11
38
42
81
87
47
84
43
17
12
55
31
79
29
100
67
28
100
87
38
72
44
59
88
12
49
32
12
23
69
19
44
67
92
49
19
90
76
85
47
13
50
98
96
32
60
58
63
16
64
65
86
66
26
64
85
12
45
61
65
78
34
18
62
69
39
54
41
88
48
72
49
79
22
24
17
34
59
98
77
14
73
53
59
36
15
58
68
23
96
52
48
21
10
70
60
16
89
17
91
58
68
49
25
20
50
50
11
41
25
47
76
86
34
79
92
36
27
33
85
81
20
87
10
90
50
24
13
69
69
84
60
72
12
41
29
62
100
93
97
75
93
88
49
46
65
66
64
77
66
88
22
89
45
87
36
72
87
36
65
38
59
78
47
17
88
77
80
98
91
92
62
60
24
56
88
35
81
24
44
39
20
75
14
76
87
58
13
57
82
22
46
30
28
98
64
90
28
16
35
99
69
83
91
77
55
23
14
65
65
89
47
20
89
96
26
66
28
22
59
97
72
42
14
70
18
77
71
32
67
98
82
67
96
37
36
87
77
84
53
80
85
62
27
84
22
70
16
46
22
19
49
85
40
98
28
38
88
88
28
52
28
87
15
44
72
73
41
48
35
77
96
84
99
32
40
60
25
85
44
57
23
11
86
45
64
57
83
79
52
60
69
81
92
93
46
45
68
14
11
40
31
47
61
13
70
65
31
42
25
32
63
41
96
68
15
94
81
13
11
59
71
62
27
12
11
52
35
34
81
43
73
81
35
51
68
38
24
91
91
82
94
96
25
12
42
50
72
75
60
43
58
48
15
20
25
89
15
21
32
90
24
92
50
94
23
98
99
28
98
100
97
77
31
36
45
85
68
19
86
34
46
15
91
43
40
46
81
22
82
66
18
58
34
24
22
80
19
92
73
40
37
85
61
43
90
24
46
72
29
81
53
69
50
11
91
19
34
35
32
85
12
17
41
48
38
33
62
10
38
20
68
95
28
95
100
28
78
18
73
40
20
82
19
23
12
32
42
54
25
85
25
95
44
82
79
29
85
63
12
43
90
26
97
37
26
93
17
91
23
68
74
92
46
89
71
71
76
100
61
29
32
82
57
54
94
18
37
52
60
66
78
56
23
88
84
11
10
63
22
10
26
32
54
70
21
58
100
48
19
86
95
63
57
87
46
53
55
35
69
51
56
57
68
28
67
95
47
72
55
59
35
67
80
49
82
30
43
23
59
41
48
95
23
60
73
48
100
62
14
20
46
76
37
79
74
93
20
79
26
11
43
77
91
28
45
47
77
87
57
36
16
67
97
86
17
91
25
67
99
21
90
91
13
77
63
69
21
27
93
74
100
18
33
23
96
19
75
42
28
47
90
18
86
89
50
37
12
47
52
57
36
46
23
62
37
37
83
89
21
85
73
34
78
80
31
44
97
34
82
65
29
99
32
30
76
44
50
67
75
41
63
59
78
15
68
46
18
19
46
55
93
75
39
75
21
76
14
29
27
77
91
63
26
39
58
64
79
58
55
46
14
92
54
74
40
14
40
28
94
41
73
29
41
84
84
67
76
91
57
11
49
27
89
36
73
91
59
58
86
82
57
90
82
20
98
17
26
77
92
51
54
91
42
21
28
84
85
66
30
34
95
86
91
87
40
40
83
93
43
88
34
88
67
83
97
44
34
48
77
77
68
84
53
99
49
77
34
37
16
85
57
19
59
82
82
45
69
73
43
27
48
19
92
68
39
16
15
70
79
84
41
27
17
27
48
66
48
46
52
53
100
98
63
24
60
52
84
45
43
40
98
66
93
71
53
53
78
35
95
19
10
17
87
64
15
24
53
45
91
62
54
63
27
20
45
49
92
14
60
47
53
59
63
25
29
76
52
55
90
38
26
92
57
87
97
77
64
88
10
14
76
32
59
28
69
11
85
33
58
94
34
58
28
63
27
73
61
66
97
24
91
61
18
23
11
71
48
58
89
98
18
46
79
99
52
28
26
10
60
60
18
52
31
74
25
84
42
35
89
57
94
93
33
90
62
61
97
91
98
57
22
64
49
20
92
79
37
71
100
25
42
54
48
57
73
85
81
40
32
88
99
26
13
88
10
54
86
64
80
73
63
26
52
11
72
85
98
49
46
93
86
89
58
88
14
93
87
58
89
17
26
73
88
36
81
46
75
69
53
43
17
42
79
70
82
34
83
78
75
11
76
43
18
100
49
18
98
14
89
30
61
85
87
36
86
83
81
24
58
30
99
17
83
39
14
13
98
33
99
59
93
47
43
67
26
18
82
46
14
30
59
19
53
70
41
21
80
14
53
59
56
18
85
73
24
91
90
11
47
76
86
86
55
86
80
50
86
49
82
21
76
43
12
10
58
27
84
10
67
64
51
93
90
71
48
100
55
22
36
21
23
69
17
79
43
40
64
58
49
45
39
83
34
13
45
30
10
26
74
85
78
16
13
61
96
26
82
89
15
99
92
96
47
13
96
61
29
81
99
54
73
13
38
65
28
96
90
10
85
27
57
11
66
93
28
29
66
44
73
54
32
95
75
43
42
26
76
48
96
27
82
77
20
38
27
39
68
94
94
42
37
31
14
22
20
57
22
25
84
75
100
77
25
84
71
58
13
53
31
70
10
86
81
80
45
81
11
75
58
37
21
79
89
95
60
52
89
96
13
58
80
95
71
31
18
81
53
98
20
13
21
84
45
38
45
63
93
82
20
70
39
45
83
24
60
34
79
92
84
80
93
50
96
74
87
54
67
79
76
65
44
86
79
26
58
29
81
32
95
66
31
59
84
98
84
25
98
60
11
69
50
89
60
13
90
80
40
88
10
51
40
31
28
50
74
75
60
61
79
22
61
97
92
62
14
18
50
30
77
50
57
94
97
27
62
97
99
26
25
67
100
87
21
65
17
92
32
83
58
88
60
37
61
56
79
80
98
13
81
50
60
25
13
92
49
62
89
29
35
11
90
90
24
94
46
41
45
1002 2
1938 4
1652 10
1962 12
425 15
550 16
1324 22
1036 24
1521 28
1503 29
998 31
163 32
632 37
1717 40
1452 41
853 43
592 45
638 48
1754 50
1703 51
697 57
588 59
1224 60
1402 61
329 69
1550 71
1247 76
412 77
1986 79
1828 83
1320 88
1902 89
1742 91
1050 92
1506 93
533 95
1309 97
1971 98
895 101
1685 104
805 105
1567 109
67 111
1005 117
476 122
611 123
190 124
572 125
890 127
1238 130
1019 137
899 138
773 139
1477 140
1463 143
1420 145
1571 147
30 149
1995 159
908 161
1147 166
762 171
247 178
281 186
587 187
1914 193
468 196
1833 198
405 199
1232 201
1259 204
822 206
221 207
185 209
1086 210
113 216
1646 217
698 219
944 221
1391 224
255 225
1789 226
457 227
177 229
270 232
208 234
1934 240
30 241
974 30
348 244
395 248
272 250
1230 251
1570 252
1368 253
1684 255
1950 258
1952 259
822 260
694 267
1734 272
1337 274
681 275
1753 279
838 285
1759 287
1159 288
1949 290
801 298
1762 305
539 306
1629 307
1445 308
1361 309
1510 313
1996 317
1751 319
1295 322
571 323
1718 324
440 327
1900 329
195 332
1069 334
921 335
1698 337
1507 338
526 339
725 342
594 348
607 350
509 352
906 353
1677 354
1420 356
1627 357
200 358
237 361
1320 362
477 363
1266 364
1188 365
1198 370
1338 372
1076 373
1507 374
1323 378
847 381
1584 382
769 383
1976 384
932 389
428 391
1734 398
182 399
120 403
1206 407
1967 408
1217 409
1750 415
1399 418
1760 419
1866 422
1533 424
766 429
121 430
641 433
1197 435
70 436
971 437
1259 440
986 442
735 443
414 445
1289 448
986 450
1043 453
1446 454
1520 455
110 457
1517 110
676 459
1195 461
823 463
1517 466
997 468
607 469
1138 470
283 474
740 477
823 479
413 481
915 413
1470 485
1200 486
666 489
1077 491
1913 497
257 498
922 499
146 501
220 504
412 506
1714 412
1647 507
1428 512
1390 515
1627 518
1870 519
1705 520
1230 521
379 523
367 379
1308 367
1674 525
1655 526
366 528
531 529
1739 536
238 538
971 539
312 540
176 545
1048 176
813 548
1812 549
402 550
1456 402
1518 551
1485 553
578 554
584 559
815 561
1755 563
1100 564
900 568
1149 574
1535 576
1688 577
1468 578
830 579
72 581
1147 72
826 582
1473 584
901 586
1578 588
1048 589
1458 591
1749 593
1018 594
702 597
155 598
706 602
213 603
170 213
1605 170
570 604
514 605
1338 608
301 609
128 613
1334 128
1473 614
801 615
483 617
296 618
907 620
1438 621
1951 625
245 627
1821 628
1945 629
1974 630
1025 635
1139 637
1127 639
1225 640
330 648
6 330
1007 650
782 658
1683 659
1304 660
877 664
431 667
1722 669
318 670
185 671
716 673
82 674
1660 675
1658 676
1426 677
1927 682
439 683
1774 685
716 686
1732 691
1472 692
1789 695
1630 696
1469 697
472 699
86 701
1178 86
1093 705
1572 706
575 711
1910 712
522 714
905 522
1430 715
873 717
1502 718
1011 719
700 720
1465 722
1146 723
654 726
573 654
543 728
611 730
449 731
1628 733
1215 736
1631 745
366 746
1362 748
1221 749
1644 752
1856 754
1454 756
1986 758
700 760
133 700
1040 761
19 765
571 19
1909 766
1510 774
487 778
1099 487
113 780
90 783
173 784
1280 787
1260 791
914 792
1372 796
1507 800
755 801
164 802
1738 803
1233 805
592 806
360 807
1414 810
1750 814
809 815
1002 817
1840 819
592 820
590 822
1509 823
1705 825
1330 826
1156 827
573 829
490 573
1147 490
1288 830
417 831
1934 833
883 836
1232 841
1141 842
1739 844
771 846
1982 771
243 847
63 243
146 848
818 849
768 851
911 855
242 856
1216 857
141 860
1322 862
1159 869
1988 871
560 883
1247 884
1289 885
1822 886
743 887
757 888
560 757
1274 560
1298 889
813 891
281 893
1699 894
1191 896
1438 899
1063 900
1064 902
1242 904
462 908
1030 462
981 917
1519 918
106 919
471 106
1268 921
1147 929
467 932
58 467
1129 933
35 934
215 938
13 939
1047 941
943 944
1333 946
1399 950
1242 951
1395 953
1837 954
755 956
678 957
141 678
962 959
1682 969
239 979
1919 981
1895 983
268 987
1403 994
1754 997
376 999
1187 376
268 1002
510 1004
1086 510
882 1009
1520 1011
401 1013
163 1017
1559 1022
672 1024
75 1025
9 1026
704 1028
972 704
1997 1030
1246 1032
385 1034
668 1035
158 668
1102 1036
1674 1038
1 1040
1671 1
256 1041
532 256
655 1043
1244 655
636 1045
1477 636
986 1047
1640 1049
1627 1052
282 1056
1122 1058
3 1061
421 3
571 421
634 1062
1609 1063
1126 1066
1710 1069
1884 1071
393 1072
1821 1073
1968 1075
1018 1076
1943 1018
13 1077
368 13
1164 368
63 1080
235 63
1926 235
1333 1081
566 1082
1115 566
20 1087
1824 20
1008 1091
1570 1092
271 1093
834 271
524 834
1578 1095
1907 1096
1578 1097
1875 1098
925 1102
1974 925
1906 1103
1779 1105
982 1108
1858 982
355 1112
1234 355
1239 1116
993 1117
770 1120
82 770
1877 1122
1195 1123
662 1124
1134 662
493 1125
1309 493
5 1126
262 5
1975 262
672 1127
898 1128
985 898
713 1129
1836 713
516 1130
483 1133
38 1134
1792 1135
17 1136
1859 1137
865 1139
1863 1140
583 1141
961 583
1587 1142
480 1144
881 480
42 881
165 42
865 165
1020 865
1711 1020
465 1147
809 465
1046 1148
992 1151
1746 1155
427 1160
910 1164
223 1166
1078 223
1319 1167
1603 1169
1988 1170
1494 1171
1195 1172
1912 1173
1192 1176
1392 1177
864 1178
1948 1179
975 1182
1875 975
744 1183
703 744
1342 703
1328 1184
1540 1189
984 1192
1463 984
1007 1193
1361 1007
188 1194
231 188
211 231
505 211
1294 1195
812 1201
395 1202
377 395
797 377
1791 1204
1733 1205
1060 1206
1653 1060
1651 1208
1550 1209
1168 1211
1329 1168
643 1214
952 1215
18 952
1793 18
439 1216
1347 439
798 1217
916 1219
410 916
1546 1220
607 1222
1542 1223
948 1229
828 1235
1242 828
1300 1238
1048 1239
1284 1048
978 1241
1543 1242
649 1243
1489 1246
1078 1248
1350 1078
1769 1249
1198 1250
1491 1257
102 1258
1345 1264
1863 1266
1227 1268
558 1269
99 1272
993 99
1718 993
1251 1273
1933 1251
612 1274
191 1275
990 191
759 1277
1445 1278
843 1279
611 843
1893 1280
611 1282
1868 611
1461 1284
1138 1286
1718 1138
656 1289
1378 656
741 1290
1029 741
708 1029
1922 1291
1247 1292
541 1247
47 541
17 1293
687 17
25 1294
840 1295
821 840
634 1297
580 634
371 1303
369 371
393 1304
1111 1306
600 1111
1106 600
1197 1312
1535 1197
263 1313
108 263
432 108
1768 432
1538 1314
100 1317
1719 1319
877 1320
385 877
1090 1324
1735 1325
948 1331
1021 1332
483 1021
1259 483
638 1334
638 1338
8 1340
1990 8
67 1341
152 67
1253 1342
1990 1253
958 1343
962 958
247 1346
1046 1349
1873 1350
1016 1352
546 1353
102 1354
452 102
530 452
425 1355
1109 425
1371 1356
1406 1357
1650 1358
1486 1359
698 1361
832 1363
261 832
1143 1364
607 1368
1283 607
1051 1283
1919 1051
890 1370
1019 890
1525 1019
721 1372
1551 721
1260 1374
73 1260
773 1375
1896 773
392 1376
1731 392
1558 1379
1435 1382
311 1384
1775 311
795 1385
280 1388
1512 280
1977 1389
527 1391
1234 1395
336 1397
936 336
434 936
751 1398
759 1399
923 759
54 1400
1267 54
1430 1267
991 1401
652 1403
1472 652
1377 1404
590 1405
1039 590
839 1039
1996 839
1957 1408
850 1411
299 850
1763 299
1347 1412
387 1413
1245 1414
1236 1245
1426 1415
1783 1417
1187 1418
1100 1187
81 1420
1655 1421
1966 1426
1770 1428
1710 1430
444 1433
1203 1434
195 1203
772 1435
80 772
571 1436
394 571
1833 1439
1456 1440
1494 1441
1593 1442
1699 1444
230 1452
268 230
341 1453
1651 341
534 1454
567 534
1745 1456
1817 1457
1602 1458
423 1460
484 1463
1853 1464
895 1465
971 895
1977 971
1737 1469
1455 1470
1533 1455
35 1471
737 35
1074 737
1259 1472
1624 1259
47 1473
1816 47
1427 1474
1804 1479
1221 1480
1779 1221
136 1482
876 136
928 876
509 1485
1765 1487
1010 1488
1065 1010
1821 1065
345 1489
1580 1490
1318 1491
838 1494
416 1501
782 1502
892 1505
410 892
1682 1509
1788 1510
1497 1512
1526 1497
500 1514
1196 500
1950 1196
1946 1515
254 1517
1410 254
777 1410
742 777
1716 742
70 1518
1252 70
1776 1520
762 1521
1159 762
495 1523
1605 1525
1055 1528
310 1530
27 310
962 1532
55 962
1720 1533
1603 1534
245 1536
151 1542
978 1543
116 978
303 1546
624 303
1709 624
942 1548
1156 942
837 1156
1857 1550
1887 1552
867 1553
679 867
1722 679
222 1555
1539 222
266 1539
809 266
1982 809
1616 1556
1310 1559
1889 1310
301 1562
653 1563
1163 653
1995 1163
755 1565
1380 755
747 1380
1644 1566
1577 1567
945 1568
1084 1569
1991 1084
423 1571
804 1572
1917 804
190 1573
631 190
1913 631
864 1574
1665 1575
25 1578
1308 1579
1068 1308
1186 1068
592 1580
1827 592
531 1582
118 531
1394 118
546 1394
1423 1583
496 1423
1870 496
502 1587
1157 1588
750 1589
9 1592
1604 9
1842 1593
1900 1594
947 1597
1236 947
751 1236
1866 1598
575 1600
396 575
242 396
1064 1602
1718 1603
556 1605
1852 556
1064 1607
1833 1608
1735 1610
1119 1612
286 1119
476 286
1755 1613
1655 1616
1224 1617
907 1224
1777 1620
84 1622
1315 1623
1366 1315
816 1624
7 816
797 7
273 797
1337 273
1106 1337
562 1106
901 562
966 1626
1584 1627
879 1584
1635 1628
710 1629
1787 1630
1540 1631
927 1540
233 927
1643 1632
38 1634
1001 38
872 1637
144 872
980 1638
1406 980
1537 1406
46 1641
1590 46
56 1590
473 56
913 1642
1287 913
1042 1287
1846 1042
1159 1643
907 1159
1529 907
924 1529
610 1644
174 610
1252 1647
1831 1252
1895 1648
1005 1652
1541 1005
276 1541
456 276
782 456
1228 782
533 1228
476 533
1599 476
1496 1599
1621 1496
53 1621
1240 53
1755 1655
1012 1656
1696 1012
1959 1657
380 1658
1059 380
643 1059
167 643
818 167
991 818
1679 1660
1991 1661
901 1665
146 901
1476 146
1422 1666
1347 1667
923 1668
1558 1670
237 1671
687 237
316 687
1351 316
1181 1673
1851 1676
269 1678
874 269
1046 1680
870 1682
1431 870
246 1431
1101 246
813 1683
1674 1684
116 1674
472 116
1031 1685
205 1031
530 205
1450 1686
1094 1450
638 1687
1477 1691
1409 1692
1802 1693
1121 1694
1878 1696
1335 1697
1701 1335
1461 1698
1377 1461
1055 1377
1016 1055
998 1016
34 998
119 1699
1887 1700
1803 1702
1609 1704
707 1706
1145 707
1926 1145
1961 1707
141 1709
1659 141
174 1659
134 174
595 134
645 595
1152 645
795 1152
1432 795
753 1710
179 753
788 179
949 1712
698 1713
1809 698
1321 1714
1535 1321
725 1715
967 1716
1369 1718
1883 1720
1323 1723
1226 1724
1919 1725
1695 1727
1943 1695
410 1729
1001 410
115 1001
321 115
390 321
514 1730
708 1731
264 708
292 1732
1864 292
1301 1734
1784 1301
689 1736
1429 689
535 1738
649 535
270 649
1199 270
1803 1199
144 1740
511 144
1419 511
1519 1741
385 1519
868 385
293 868
811 293
1255 1743
326 1744
1449 326
1003 1449
1990 1003
1861 1745
295 1746
1146 1747
1424 1146
107 1424
964 107
218 964
460 1748
781 460
400 781
838 1750
1993 1753
663 1754
641 663
926 1755
739 926
1504 739
78 1504
1086 78
416 1086
451 1756
513 451
1107 513
1311 1107
304 1311
320 304
1437 1757
449 1437
647 449
85 647
82 1760
1445 82
1330 1445
1940 1761
1875 1765
1326 1766
1157 1326
905 1770
295 905
1429 295
1014 1429
572 1771
417 1772
1733 1773
36 1774
1799 36
1681 1775
1409 1777
333 1409
1551 333
96 1778
68 96
1891 68
1054 1780
1919 1781
580 1782
1931 580
1360 1783
911 1360
995 1784
1618 995
509 1786
177 509
194 177
202 194
702 1787
875 1790
751 875
743 751
423 1791
112 423
1451 112
986 1451
1493 1798
1373 1493
897 1373
694 897
922 1799
1500 1800
404 1802
1067 1803
1885 1067
1263 1804
1690 1263
472 1690
84 1806
960 1807
1367 960
1402 1809
1763 1402
1752 1763
446 1752
1609 446
1027 1609
228 1027
688 1810
1925 688
1664 1811
547 1813
228 1815
1393 1816
968 1393
1386 1820
567 1821
769 567
168 769
874 1822
132 874
1348 132
426 1348
922 426
1240 922
1329 1240
1796 1329
552 1824
1459 552
1871 1459
1653 1826
1910 1653
202 1827
375 202
1270 375
543 1270
878 1829
1675 1832
632 1675
738 632
1972 738
345 1833
296 345
1664 296
915 1835
1305 1836
1422 1305
989 1422
1742 1837
1154 1742
394 1154
494 394
508 494
1255 508
813 1255
441 813
420 441
1814 1839
873 1841
1966 873
1090 1843
935 1844
401 1846
1894 401
164 1847
387 164
475 387
1581 475
1877 1849
388 1850
1938 388
1174 1851
1751 1174
1344 1751
420 1852
558 420
1737 558
1053 1737
1513 1853
168 1854
1054 1856
1769 1054
1212 1857
1425 1212
312 1425
1789 1858
798 1860
1507 798
21 1507
1302 21
920 1302
175 920
265 175
1200 1861
626 1200
923 626
1327 923
495 1862
1794 495
1788 1794
1721 1863
1646 1721
516 1864
937 516
915 1867
1369 915
879 1369
1495 879
163 1495
1522 1868
386 1522
1728 386
937 1728
1639 1869
1681 1639
163 1681
183 163
909 183
473 1871
514 473
1276 514
1438 1872
1708 1438
542 1708
1882 542
39 1876
114 39
300 1877
1769 300
1225 1769
972 1878
1893 972
157 1881
596 157
1046 596
735 1046
1344 735
1719 1344
1498 1719
1788 1498
328 1882
1448 328
990 1448
1547 990
160 1547
1705 160
747 1705
133 1884
114 133
1153 114
1316 1153
1932 1316
1586 1885
331 1586
861 331
152 861
1972 152
1366 1886
864 1366
180 864
799 180
747 799
1859 747
215 1887
930 215
1914 1889
1703 1890
1446 1891
1564 1446
119 1892
1307 119
278 1307
1759 278
989 1759
1387 1893
505 1387
1161 1894
1191 1161
821 1191
1483 821
1468 1483
743 1468
681 743
767 681
909 767
1818 1896
835 1818
785 1897
261 1898
162 261
1162 1900
52 1901
1722 52
790 1722
1619 790
1717 1619
154 1902
228 1904
1633 228
1527 1633
1917 1905
148 1907
1288 148
1551 1288
937 1551
644 937
863 1908
1190 1910
1577 1190
200 1913
1484 1914
1662 1484
151 1662
314 151
1688 314
903 1688
1768 903
1506 1915
189 1506
1131 1916
808 1131
914 808
651 1917
284 651
464 284
294 464
1386 1918
1416 1919
131 1416
1386 1920
1527 1921
189 1527
1561 189
914 1561
1526 914
789 1526
200 789
484 200
970 484
966 970
1053 966
195 1053
218 195
732 218
863 732
238 863
557 238
949 557
724 949
1094 724
991 1094
1099 1922
1390 1923
641 1924
1150 641
786 1925
411 786
302 1926
265 302
524 265
1792 524
257 1792
1855 1927
1576 1855
1014 1928
208 1014
1188 1929
734 1930
1557 734
1606 1557
503 1606
967 503
135 967
1104 135
1467 1104
1261 1467
87 1261
1964 87
488 1931
1739 488
150 1739
1848 150
793 1848
1345 793
1689 1345
1285 1689
1327 1285
1256 1932
1447 1256
1625 1447
532 1625
935 532
1879 935
606 1879
968 606
974 968
33 974
1654 33
622 1654
1895 622
837 1895
623 837
1121 1934
49 1121
633 49
1486 1936
1180 1486
824 1180
100 824
1793 100
1185 1793
858 1185
1390 858
1318 1390
1899 1318
73 1937
184 1938
1911 184
1595 1911
616 1940
1989 616
301 1941
945 301
940 945
750 940
447 750
657 447
1544 657
1503 1544
257 1503
928 257
1830 928
1492 1830
955 1492
1865 1942
1237 1943
1819 1237
1044 1819
587 1044
1227 587
1537 1945
427 1537
1875 427
1953 1875
1664 1947
1158 1664
1000 1158
416 1000
1888 416
1677 1888
1262 1677
1064 1262
644 1949
1115 644
988 1950
120 1951
65 1953
397 65
320 397
716 320
414 716
1817 414
912 1817
1226 912
156 1226
411 156
404 411
131 404
546 1954
1570 546
623 1570
113 623
1336 1955
1669 1336
1845 1669
812 1845
1636 812
585 1636
325 585
1581 325
1906 1581
1615 1906
153 1615
282 153
1828 282
212 1828
1767 212
1327 1767
1711 1327
478 1711
1090 478
702 1090
1165 702
1230 1956
203 1957
346 203
249 346
1276 249
268 1276
1796 268
1333 1796
502 1333
1244 502
1549 1244
233 1549
1703 233
1383 1958
1083 1383
182 1083
1378 182
1232 1959
599 1232
1764 599
1230 1764
343 1960
1057 1961
181 1057
482 181
910 482
880 1962
1218 880
1015 1218
283 1015
247 1963
852 247
142 852
725 142
1972 725
955 1964
1988 1965
405 1966
1330 1967
1118 1330
1998 1118
1365 1968
672 1365
693 672
1064 693
955 1064
1944 955
1531 1944
1110 1531
1939 1110
406 1939
66 406
444 66
569 444
1037 569
1717 1037
347 1717
1234 1969
1378 1970
547 1971
838 547
775 1972
1663 775
245 1973
1812 245
1545 1812
1099 1545
1378 1099
294 1378
1758 294
612 1758
527 1974
1649 527
438 1649
709 438
347 709
1339 347
1838 1339
197 1838
665 197
530 1975
220 530
854 220
359 854
1476 359
129 1476
173 129
1150 173
1115 1150
1513 1115
977 1513
121 977
517 1976
1089 517
1701 1977
1776 1978
991 1776
1186 991
763 1186
1392 763
1085 1392
318 1085
434 318
1362 434
1381 1362
1298 1381
390 1298
965 390
131 1979
1650 131
1524 1650
684 1524
1935 684
74 1935
1481 74
985 1481
90 985
1618 1980
417 1618
1089 1981
1560 1089
1554 1560
1477 1554
638 1477
75 638
1079 1982
961 1079
1909 961
665 1984
1865 665
924 1865
1538 1985
845 1538
1779 845
788 1779
1883 788
1101 1883
34 1101
417 1986
1735 417
1840 1735
1234 1840
1591 1234
565 1591
572 565
1946 572
1596 1987
779 1596
23 779
393 23
835 1988
1823 835
1157 1989
924 1157
366 924
943 366
785 943
764 1990
85 764
393 85
1768 393
126 1768
931 126
710 931
81 710
1952 81
1873 1952
1478 1873
242 1478
1386 242
537 1386
740 537
633 1991
1328 633
1672 1328
853 1672
910 853
642 910
989 1992
1912 989
236 1912
1432 236
1814 1432
1407 1814
992 1407
1859 992
1070 1859
405 1070
1585 405
471 1585
1679 471
1230 1679
312 1230
988 312
264 988
544 264
1909 544
1788 1909
1323 1788
80 1323
996 80
1198 996
1149 1198
1749 1149
208 1749
785 208
1181 1993
1231 1181
168 1231
1797 168
1207 1797
1614 1207
283 1614
1511 283
62 1994
1475 62
555 1475
1604 555
162 1604
400 162
1462 400
73 1462
1114 73
1595 1114
84 1595
727 84
14 727
58 14
1516 58
1254 1516
906 1254
120 906
785 1995
1500 785
1300 1500
694 1300
55 694
185 55
965 185
768 965
169 768
27 1996
1023 27
1795 1023
1646 1795
1805 1646
1419 1805
1008 1419
1726 1008
1006 1726
1225 1006
601 1225
360 601
1933 360
1033 1933
6 1033
192 6
1823 192
1443 1823
349 1443
1831 349
1427 1831
1785 1427
155 1997
1874 155
492 1874
811 492
2000 811
1511 1998
909 1511
543 909
1663 543
1983 1663
121 1983
661 121
882 661
1227 882
94 1227
1762 94
976 1762
1165 976
619 1165
172 619
1834 172
1866 1834
1132 1866
1880 1132
1271 1880
431 1271
277 431
1948 277
1576 1948
1903 1576
340 1903
44 340
343 44
740 343
838 740
34 838
1701 34
963 1701
1535 963
1808 1535
1351 1808
214 1351
1645 214
973 1645
930 973
472 930
26 472
1188 26
1143 1188
866 1143
344 866
1577 344
158 1577
1074 158
690 1074
1466 690
1801 1466
1899 1801
239 1899
1367 239
986 1367
1640 986
1322 1640
1210 1322
1733 1210
1789 1733
103 1789
776 103
1309 776
1870 1309
64 1870
1100 64
1651 1100
1703 1651
1233 1703
1825 1233
859 1825
428 859
646 428
315 646
1601 315
1842 1601
1213 1842
1296 1213
1396 1296
612 1396
666 612
1785 666
458 1785
729 458
75 729
369 75
642 1999
1299 642
120 1299
113 120
297 113
154 297
369 154
1371 369
1175 1371
1347 1175
1265 1347
11 1265
948 11
1050 948
1611 1050
90 1611
1564 90
505 1564
289 505
570 289
1113 570
1508 1113
1162 1508
1635 1162
878 1635
1499 878
1281 1499
911 1281
680 911
25 680
351 25
794 351
1088 794
1558 1088
1109 1558
1946 1109
291 1946
281 291
169 281
169 2000
