214728944345717408559236262950334671154601960185954965
2 1
3 1
5 4
7 1
11 5
13 5
17 6
19 4
23 7
29 4
31 8
37 5
41 6
43 4
47 5
53 4
59 4
61 7
67 7
71 8
73 10
79 7
83 8
89 8
97 4
101 8
103 9
107 7
109 5
113 9
127 6
131 5
137 5
139 10
149 7
151 11
157 11
163 8
167 7
173 6
179 9
181 11
191 8
193 8
197 11
199 11
211 9
223 11
227 12
229 7
233 11
239 9
241 11
251 9
257 12
263 8
269 9
271 13
277 13
281 12
283 11
293 12
307 7
311 7
313 10
317 10
331 9
337 9
347 10
349 11
353 13
359 12
367 7
373 10
379 8
383 11
389 8
397 10
401 10
409 10
419 14
421 9
431 10
433 11
439 11
443 13
449 11
457 14
461 10
463 13
467 11
479 13
487 8
491 14
499 11
503 14
509 12
521 11
523 13
541 10
547 9
557 8
563 12
569 12
571 8
577 9
587 13
593 10
599 8
601 9
607 14
613 8
617 10
619 10
631 10
641 13
643 13
647 15
653 14
659 9
661 11
673 15
677 13
683 9
691 13
701 14
709 11
719 9
727 13
733 10
739 12
743 14
751 9
757 11
761 14
769 9
773 15
787 15
797 13
809 13
811 11
821 12
823 14
827 9
829 12
839 14
853 13
857 12
859 10
863 15
877 12
881 9
883 14
887 10
907 11
911 11
919 10
929 9
937 15
941 15
947 13
953 11
967 13
971 14
977 12
983 14
991 10
997 10
1009 8
1013 15
1019 14
1021 9
1031 9
1033 13
1039 7
1049 11
1051 14
1061 12
1063 15
1069 14
1087 11
1091 12
1093 13
1097 11
1103 11
1109 12
1117 15
1123 11
1129 15
1151 8
1153 14
1163 15
1171 10
1181 9
1187 9
1193 14
1201 9
1213 15
1217 9
1223 10
1229 10
1231 12
1237 7
1249 9
1259 13
1277 11
1279 8
1283 11
1289 14
1291 8
1297 12
1301 8
1303 11
1307 8
1319 13
1321 15
1327 11
1361 11
1367 12
1373 15
1381 9
1399 8
1409 7
1423 8
1427 15
1429 14
1433 12
1439 12
1447 9
1451 12
1453 7
1459 9
1471 13
1481 12
1483 14
1487 13
1489 9
1493 15
1499 8
1511 9
1523 12
1531 7
1543 7
1549 15
1553 12
1559 14
1567 11
1571 9
1579 14
1583 14
1597 11
1601 13
1607 8
1609 10
1613 13
1619 15
1621 14
1627 16
1637 11
1657 15
1663 13
1667 15
1669 10
1693 15
1697 8
1699 16
1709 16
1721 10
1723 15
1733 12
1741 16
1747 12
1753 9
1759 12
1777 13
1783 8
1787 15
1789 12
1801 15
1811 9
1823 10
1831 13
1847 16
1861 9
1867 16
1871 15
1873 15
1877 10
1879 12
1889 12
1901 11
1907 12
1913 8
1931 16
1933 8
1949 12
1951 11
1973 13
1979 12
1987 12
1993 11
1997 15
1999 8
2003 8
2011 9
2017 16
2027 14
2029 11
2039 13
2053 10
2063 16
2069 14
2081 11
2083 16
2087 12
2089 9
2099 12
2111 10
2113 13
2129 13
2131 8
2137 15
2141 16
2143 10
2153 16
2161 15
2179 13
2203 10
2207 11
2213 15
2221 14
2237 15
2239 9
2243 15
2251 16
2267 11
2269 12
2273 16
2281 13
2287 14
2293 12
2297 14
2309 11
2311 13
2333 15
2339 13
2341 12
2347 11
2351 9
2357 11
2371 14
2377 11
2381 16
2383 14
2389 13
2393 13
2399 14
2411 9
2417 9
2423 12
2437 12
2441 15
2447 12
2459 14
2467 16
2473 16
2477 11
2503 15
2521 15
2531 10
2539 12
2543 13
2549 14
2551 17
2557 9
2579 15
2591 17
2593 10
2609 15
2617 9
2621 13
2633 13
2647 14
2657 11
2659 9
2663 11
2671 15
2677 13
2683 13
2687 15
2689 11
2693 9
2699 17
2707 17
2711 13
2713 10
2719 13
2729 13
2731 12
2741 10
2749 10
2753 14
2767 16
2777 9
2789 11
2791 11
2797 11
2801 13
2803 10
2819 15
2833 12
2837 14
2843 13
2851 9
2857 14
2861 14
2879 14
2887 9
2897 15
2903 17
2909 12
2917 13
2927 13
2939 13
2953 17
2957 11
2963 15
2969 16
2971 13
2999 16
3001 14
3011 13
3019 13
3023 10
3037 14
3041 14
3049 15
3061 13
3067 14
3079 11
3083 13
3089 16
3109 13
3119 9
3121 11
3137 13
3163 16
3167 12
3169 15
3181 15
3187 12
3191 16
3203 16
3209 12
3217 15
3221 17
3229 10
3251 9
3253 13
3257 10
3259 10
3271 16
3299 14
3301 17
3307 17
3313 12
3319 16
3323 14
3329 15
3331 13
3343 15
3347 13
3359 16
3361 15
3371 14
3373 11
3389 9
3391 12
3407 16
3413 15
3433 11
3449 11
3457 16
3461 12
3463 12
3467 17
3469 10
3491 17
3499 9
3511 17
3517 17
3527 11
3529 11
3533 14
3539 14
3541 16
3547 13
3557 13
3559 17
3571 15
3581 10
3583 17
3593 11
3607 10
3613 10
3617 15
3623 13
3631 12
3637 17
3643 16
3659 17
3671 12
3673 14
3677 12
3691 11
3697 17
3701 15
3709 14
3719 13
3727 13
3733 16
3739 13
3761 12
3767 10
3769 13
3779 16
3793 13
3797 9
3803 10
3821 10
3823 17
3833 17
3847 12
3851 12
3853 11
3863 16
3877 15
3881 10
3889 15
3907 11
3911 13
3917 10
3919 11
3923 16
3929 17
3931 13
3943 14
3947 11
3967 16
3989 11
4001 18
4003 14
4007 14
4013 17
4019 17
4021 16
4027 14
4049 12
4051 16
4057 13
4073 12
4079 16
4091 13
4093 13
4099 16
4111 16
4127 12
4129 17
4133 18
4139 10
4153 12
4157 18
4159 10
4177 17
4201 10
4211 12
4217 18
4219 14
4229 12
4231 16
4241 11
4243 10
4253 11
4259 15
4261 12
4271 10
4273 16
4283 10
4289 10
4297 14
4327 15
4337 16
4339 15
4349 11
4357 18
4363 14
4373 10
4391 12
4397 14
4409 13
4421 17
4423 11
4441 13
4447 13
4451 14
4457 12
4463 11
4481 17
4483 18
4493 10
4507 10
4513 15
4517 11
4519 11
4523 14
4547 17
4549 18
4561 18
4567 13
4583 16
4591 10
4597 15
4603 10
4621 16
4637 14
4639 15
4643 11
4649 10
4651 17
4657 17
4663 10
4673 17
4679 12
4691 11
4703 11
4721 10
4723 17
4729 17
4733 11
4751 10
4759 15
4783 16
4787 16
4789 10
4793 12
4799 17
4801 14
4813 10
4817 12
4831 11
4861 10
4871 10
4877 14
4889 13
4903 12
4909 13
4919 15
4931 16
4933 14
4937 12
4943 15
4951 16
4957 15
4967 13
4969 17
4973 12
4987 11
4993 10
4999 16
5003 11
5009 10
5011 17
5021 13
5023 14
5039 15
5051 11
5059 13
5077 12
5081 10
5087 15
5099 11
5101 16
5107 14
5113 12
5119 16
5147 18
5153 15
5167 13
5171 18
5179 16
5189 17
5197 14
5209 15
5227 10
5231 12
5233 15
5237 18
5261 11
5273 11
5279 12
5281 12
5297 12
5303 18
5309 11
5323 11
5333 15
5347 11
5351 12
5381 12
5387 10
5393 17
5399 14
5407 14
5413 13
5417 10
5419 10
5431 14
5437 12
5441 11
5443 11
5449 16
5471 16
5477 17
5479 10
5483 17
5501 17
5503 13
5507 12
5519 14
5521 14
5527 16
5531 11
5557 13
5563 12
5569 12
5573 14
5581 12
5591 13
5623 18
5639 16
5641 18
5647 14
5651 18
5653 13
5657 12
5659 17
5669 18
5683 16
5689 13
5693 12
5701 12
5711 18
5717 12
5737 13
5741 17
5743 13
5749 17
5779 15
5783 17
5791 13
5801 10
5807 10
5813 12
5821 18
5827 18
5839 18
5843 13
5849 13
5851 15
5857 14
5861 11
5867 16
5869 11
5879 10
5881 13
5897 14
5903 16
5923 16
5927 14
5939 15
5953 14
5981 11
5987 12
6007 16
6011 17
6029 15
6037 12
6043 15
6047 13
6053 13
6067 10
6073 10
6079 12
6089 18
6091 11
6101 15
6113 18
6121 12
6131 14
6133 15
6143 14
6151 14
6163 14
6173 12
6197 18
6199 10
6203 14
6211 11
6217 10
6221 12
6229 18
6247 12
6257 10
6263 14
6269 11
6271 17
6277 16
6287 18
6299 13
6301 15
6311 19
6317 17
6323 17
6329 18
6337 16
6343 17
6353 16
6359 11
6361 12
6367 13
6373 17
6379 16
6389 18
6397 15
6421 12
6427 12
6449 16
6451 16
6469 11
6473 11
6481 11
6491 14
6521 19
6529 12
6547 17
6551 17
6553 16
6563 14
6569 15
6571 14
6577 15
6581 17
6599 18
6607 13
6619 16
6637 19
6653 19
6659 11
6661 13
6673 17
6679 17
6689 14
6691 15
6701 19
6703 16
6709 19
6719 15
6733 19
6737 12
6761 19
6763 19
6779 15
6781 19
6791 19
6793 11
6803 17
6823 17
6827 16
6829 12
6833 13
6841 18
6857 13
6863 12
6869 18
6871 16
6883 11
6899 16
6907 16
6911 16
6917 14
6947 17
6949 12
6959 11
6961 14
6967 13
6971 19
6977 18
6983 18
6991 16
6997 11
7001 17
7013 11
7019 13
7027 14
7039 17
7043 16
7057 18
7069 13
7079 14
7103 11
7109 12
7121 19
7127 18
7129 13
7151 17
7159 16
7177 18
7187 18
7193 11
7207 12
7211 12
7213 14
7219 19
7229 11
7237 17
7243 12
7247 15
7253 15
7283 18
7297 17
7307 14
7309 18
7321 11
7331 13
7333 15
7349 19
7351 19
7369 17
7393 18
7411 17
7417 18
7433 15
7451 17
7457 13
7459 13
7477 17
7481 12
7487 16
7489 12
7499 16
7507 13
7517 19
7523 12
7529 16
7537 19
7541 17
7547 19
7549 11
7559 15
7561 17
7573 16
7577 18
7583 12
7589 19
7591 16
7603 16
7607 16
7621 19
7639 12
7643 17
7649 17
7669 19
7673 14
7681 18
7687 14
7691 19
7699 14
7703 17
7717 17
7723 14
7727 16
7741 18
7753 12
7757 11
7759 18
7789 13
7793 14
7817 15
7823 13
7829 18
7841 12
7853 14
7867 16
7873 18
7877 11
7879 17
7883 12
7901 14
7907 11
7919 15
7927 19
7933 12
7937 18
7949 12
7951 17
7963 13
7993 13
8009 18
8011 11
8017 16
8039 18
8053 14
8059 15
8069 14
8081 12
8087 19
8089 14
8093 15
8101 16
8111 12
8117 11
8123 17
8147 13
8161 18
8167 14
8171 19
8179 12
8191 12
8209 12
8219 17
8221 13
8231 18
8233 18
8237 16
8243 12
8263 11
8269 13
8273 13
8287 12
8291 12
8293 14
8297 17
8311 15
8317 18
8329 14
8353 12
8363 16
8369 16
8377 14
8387 13
8389 13
8419 11
8423 11
8429 13
8431 15
8443 17
8447 19
8461 12
8467 19
8501 11
8513 16
8521 17
8527 11
8537 19
8539 13
8543 14
8563 12
8573 11
8581 19
8597 16
8599 13
8609 18
8623 13
8627 13
8629 19
8641 12
8647 15
8663 16
8669 11
8677 17
8681 14
8689 11
8693 19
8699 18
8707 19
8713 14
8719 16
8731 17
8737 11
8741 18
8747 14
8753 16
8761 11
8779 16
8783 11
8803 15
8807 18
8819 16
8821 13
8831 16
8837 14
8839 11
8849 12
8861 17
8863 18
8867 15
8887 13
8893 16
8923 14
8929 17
8933 15
8941 13
8951 19
8963 14
8969 16
8971 18
8999 19
9001 12
9007 12
9011 15
9013 13
9029 11
9041 16
9043 18
9049 12
9059 14
9067 11
9091 13
9103 18
9109 13
9127 17
9133 16
9137 18
9151 18
9157 14
9161 15
9173 12
9181 18
9187 12
9199 11
9203 19
9209 13
9221 12
9227 16
9239 12
9241 18
9257 14
9277 12
9281 13
9283 16
9293 13
9311 19
9319 18
9323 12
9337 14
9341 18
9343 18
9349 13
9371 12
9377 13
9391 18
9397 14
9403 13
9413 19
9419 18
9421 19
9431 17
9433 15
9437 11
9439 14
9461 13
9463 13
9467 16
9473 14
9479 19
9491 13
9497 12
9511 16
9521 11
9533 18
9539 11
9547 11
9551 16
9587 15
9601 13
9613 15
9619 16
9623 15
9629 18
9631 11
9643 13
9649 11
9661 16
9677 16
9679 18
9689 18
9697 16
9719 18
9721 12
9733 15
9739 13
9743 11
9749 19
9767 18
9769 15
9781 14
9787 16
9791 14
9803 13
9811 14
9817 12
9829 11
9833 15
9839 16
9851 12
9857 11
9859 14
9871 11
9883 17
9887 14
9901 13
9907 15
9923 14
9929 15
9931 12
9941 14
9949 14
9967 11
9973 17
10007 13
10009 19
10037 17
10039 18
10061 17
10067 16
10069 19
10079 19
10091 20
10093 16
10099 15
10103 17
10111 20
10133 12
10139 12
10141 13
10151 16
10159 19
10163 12
10169 18
10177 16
10181 19
10193 15
10211 13
10223 18
10243 15
10247 17
10253 12
10259 20
10267 20
10271 12
10273 19
10289 18
10301 19
10303 20
10313 19
10321 14
10331 15
10333 19
10337 14
10343 12
10357 13
10369 14
10391 16
10399 16
10427 20
10429 17
10433 18
10453 16
10457 16
10459 19
10463 15
10477 17
10487 17
10499 16
10501 16
10513 18
10529 14
10531 14
10559 18
10567 16
10589 15
10597 20
10601 15
10607 15
10613 20
10627 14
10631 20
10639 19
10651 18
10657 17
10663 15
10667 14
10687 20
10691 20
10709 19
10711 19
10723 15
10729 16
10733 17
10739 13
10753 13
10771 20
10781 14
10789 18
10799 14
10831 15
10837 19
10847 14
10853 15
10859 14
10861 12
10867 20
10883 17
10889 20
10891 18
10903 17
10909 12
10937 13
10939 19
10949 17
10957 13
10973 14
10979 15
10987 12
10993 13
11003 17
11027 17
11047 20
11057 17
11059 18
11069 19
11071 13
11083 16
11087 19
11093 18
11113 17
11117 15
11119 15
11131 15
11149 16
11159 19
11161 17
11171 16
11173 17
11177 19
11197 20
11213 15
11239 17
11243 20
11251 16
11257 20
11261 13
11273 15
11279 17
11287 14
11299 14
11311 13
11317 20
11321 13
11329 14
11351 15
11353 19
11369 19
11383 18
11393 19
11399 20
11411 17
11423 16
11437 19
11443 13
11447 17
11467 20
11471 17
11483 13
11489 14
11491 16
11497 17
11503 20
11519 15
11527 18
11549 16
11551 15
11579 19
11587 15
11593 15
11597 17
11617 17
11621 18
11633 20
11657 13
11677 17
11681 12
11689 19
11699 14
11701 19
11717 19
11719 17
11731 20
11743 15
11777 17
11779 12
11783 12
11789 15
11801 17
11807 17
11813 18
11821 13
11827 19
11831 14
11833 17
11839 17
11863 16
11867 19
11887 16
11897 14
11903 17
11909 18
11923 18
11927 16
11933 14
11939 17
11941 19
11953 17
11959 15
11969 13
11971 15
11981 12
11987 14
12007 19
12011 12
12037 19
12041 14
12043 19
12049 12
12071 12
12073 18
12097 16
12101 12
12107 13
12109 20
12113 18
12119 20
12143 15
12149 14
12157 18
12161 14
12163 17
12197 14
12203 12
12211 19
12227 20
12239 13
12241 13
12251 20
12253 17
12263 15
12269 19
12277 14
12281 16
12289 13
12301 13
12323 12
12329 13
12343 12
12347 19
12373 17
12377 17
12379 14
12391 16
12401 19
12409 16
12413 18
12421 20
12433 17
12437 13
12451 12
12457 15
12473 15
12479 12
12487 18
12491 20
12497 19
12503 20
12511 17
12517 20
12527 12
12539 19
12541 17
12547 18
12553 19
12569 14
12577 13
12583 17
12589 18
12601 12
12611 20
12613 18
12619 13
12637 13
12641 19
12647 18
12653 15
12659 15
12671 18
12689 16
12697 14
12703 16
12713 12
12721 19
12739 20
12743 14
12757 20
12763 16
12781 19
12791 16
12799 16
12809 12
12821 17
12823 16
12829 14
12841 18
12853 16
12889 18
12893 15
12899 19
12907 14
12911 20
12917 14
12919 20
12923 19
12941 19
12953 13
12959 12
12967 20
12973 14
12979 16
12983 14
13001 15
13003 14
13007 15
13009 17
13033 19
13037 18
13043 17
13049 20
13063 14
13093 13
13099 14
13103 20
13109 20
13121 17
13127 15
13147 17
13151 19
13159 20
13163 16
13171 12
13177 20
13183 19
13187 14
13217 16
13219 17
13229 12
13241 13
13249 14
13259 14
13267 17
13291 19
13297 12
13309 19
13313 14
13327 18
13331 13
13337 17
13339 15
13367 15
13381 17
13397 19
13399 17
13411 18
13417 12
13421 18
13441 19
13451 20
13457 20
13463 15
13469 14
13477 16
13487 17
13499 16
13513 19
13523 16
13537 14
13553 14
13567 17
13577 13
13591 14
13597 16
13613 13
13619 13
13627 13
13633 13
13649 13
13669 15
13679 13
13681 18
13687 14
13691 18
13693 20
13697 19
13709 17
13711 14
13721 20
13723 17
13729 15
13751 15
13757 20
13759 14
13763 16
13781 12
13789 17
13799 13
13807 15
13829 12
13831 16
13841 19
13859 12
13873 15
13877 18
13879 13
13883 12
13901 13
13903 16
13907 13
13913 19
13921 19
13931 12
13933 14
13963 19
13967 13
13997 18
13999 19
14009 14
14011 18
14029 15
14033 12
14051 20
14057 15
14071 15
14081 20
14083 16
14087 15
14107 20
14143 13
14149 19
14153 15
14159 12
14173 17
14177 17
14197 12
14207 18
14221 20
14243 15
14249 19
14251 15
14281 15
14293 14
14303 16
14321 19
14323 14
14327 16
14341 12
14347 18
14369 19
14387 12
14389 16
14401 17
14407 20
14411 15
14419 13
14423 17
14431 12
14437 14
14447 12
14449 19
14461 18
14479 19
14489 16
14503 15
14519 20
14533 18
14537 12
14543 20
14549 20
14551 12
14557 19
14561 17
14563 14
14591 14
14593 14
14621 13
14627 17
14629 14
14633 12
14639 15
14653 15
14657 19
14669 14
14683 15
14699 20
14713 12
14717 19
14723 18
14731 15
14737 14
14741 14
14747 14
14753 19
14759 16
14767 16
14771 14
14779 19
14783 15
14797 12
14813 13
14821 19
14827 15
14831 15
14843 14
14851 16
14867 13
14869 16
14879 17
14887 16
14891 18
14897 20
14923 20
14929 14
14939 17
14947 14
14951 19
14957 16
14969 20
14983 14
15013 16
15017 20
15031 13
15053 16
15061 14
15073 16
15077 20
15083 13
15091 20
15101 17
15107 13
15121 18
15131 18
15137 16
15139 20
15149 13
15161 15
15173 12
15187 16
15193 18
15199 14
15217 12
15227 16
15233 14
15241 13
15259 16
15263 19
15269 12
15271 20
15277 15
15287 15
15289 18
15299 18
15307 12
15313 12
15319 20
15329 17
15331 17
15349 18
15359 20
15361 13
15373 13
15377 20
15383 16
15391 14
15401 14
15413 15
15427 19
15439 16
15443 16
15451 18
15461 17
15467 18
15473 20
15493 18
15497 14
15511 20
15527 17
15541 14
15551 17
15559 14
15569 14
15581 12
15583 18
15601 18
15607 16
15619 18
15629 20
15641 15
15643 14
15647 13
15649 17
15661 19
15667 15
15671 12
15679 12
15683 20
15727 18
15731 19
15733 12
15737 17
15739 16
15749 14
15761 18
15767 12
15773 12
15787 20
15791 14
15797 16
15803 19
15809 14
15817 13
15823 20
15859 16
15877 18
15881 17
15887 14
15889 16
15901 14
15907 19
15913 14
15919 19
15923 19
15937 16
15959 16
15971 18
15973 20
15991 17
16001 19
16007 18
16033 19
16057 19
16061 13
16063 14
16067 20
16069 21
16073 14
16087 21
16091 14
16097 17
16103 17
16111 16
16127 17
16139 19
16141 20
16183 20
16187 15
16189 19
16193 17
16217 18
16223 18
16229 20
16231 13
16249 14
16253 21
16267 14
16273 13
16301 17
16319 20
16333 19
16339 14
16349 17
16361 20
16363 20
16369 17
16381 16
16411 15
16417 18
16421 16
16427 13
16433 19
16447 13
16451 14
16453 15
16477 18
16481 19
16487 14
16493 16
16519 19
16529 21
16547 17
16553 17
16561 16
16567 16
16573 15
16603 14
16607 14
16619 20
16631 15
16633 20
16649 17
16651 13
16657 18
16661 17
16673 20
16691 20
16693 21
16699 16
16703 15
16729 17
16741 13
16747 18
16759 14
16763 16
16787 17
16811 16
16823 18
16829 15
16831 18
16843 14
16871 14
16879 21
16883 21
16889 21
16901 14
16903 20
16921 17
16927 18
16931 21
16937 19
16943 15
16963 18
16979 20
16981 21
16987 21
16993 14
17011 17
17021 14
17027 20
17029 19
17033 16
17041 19
17047 20
17053 13
17077 17
17093 16
17099 13
17107 17
17117 16
17123 15
17137 18
17159 16
17167 19
17183 13
17189 19
17191 20
17203 17
17207 13
17209 18
17231 13
17239 21
17257 13
17291 15
17293 16
17299 17
17317 15
17321 16
17327 16
17333 13
17341 21
17351 16
17359 17
17377 21
17383 20
17387 14
17389 20
17393 13
17401 18
17417 18
17419 18
17431 21
17443 15
17449 18
17467 14
17471 20
17477 16
17483 21
17489 21
17491 17
17497 20
17509 19
17519 18
17539 20
17551 18
17569 16
17573 18
17579 18
17581 14
17597 17
17599 19
17609 19
17623 13
17627 13
17657 14
17659 14
17669 20
17681 17
17683 21
17707 14
17713 18
17729 19
17737 20
17747 19
17749 21
17761 21
17783 19
17789 21
17791 15
17807 20
17827 18
17837 16
17839 14
17851 15
17863 16
17881 17
17891 16
17903 13
17909 14
17911 13
17921 14
17923 21
17929 20
17939 15
17957 13
17959 13
17971 17
17977 16
17981 14
17987 21
17989 14
18013 15
18041 21
18043 21
18047 15
18049 19
18059 13
18061 21
18077 15
18089 14
18097 15
18119 13
18121 17
18127 21
18131 16
18133 21
18143 21
18149 18
18169 17
18181 21
18191 21
18199 20
18211 14
18217 13
18223 20
18229 13
18233 15
18251 19
18253 15
18257 15
18269 17
18287 20
18289 15
18301 13
18307 14
18311 21
18313 18
18329 21
18341 13
18353 15
18367 13
18371 18
18379 18
18397 17
18401 21
18413 18
18427 15
18433 16
18439 15
18443 18
18451 17
18457 20
18461 19
18481 17
18493 21
18503 19
18517 13
18521 21
18523 19
18539 20
18541 15
18553 16
18583 13
18587 19
18593 21
18617 19
18637 20
18661 21
18671 16
18679 21
18691 20
18701 21
18713 16
18719 15
18731 14
18743 18
18749 13
18757 15
18773 15
18787 21
18793 18
18797 13
18803 16
18839 19
18859 18
18869 18
18899 18
18911 15
18913 14
18917 15
18919 21
18947 20
18959 15
18973 19
18979 14
19001 21
19009 17
19013 19
19031 16
19037 17
19051 14
19069 19
19073 19
19079 20
19081 20
19087 19
19121 21
19139 19
19141 17
19157 18
19163 17
19181 21
19183 19
19207 13
19211 15
19213 16
19219 19
19231 17
19237 20
19249 20
19259 19
19267 14
19273 15
19289 18
19301 20
19309 13
19319 14
19333 14
19373 21
19379 18
19381 16
19387 21
19391 15
19403 16
19417 20
19421 16
19423 14
19427 13
19429 19
19433 18
19441 15
19447 15
19457 17
19463 19
19469 17
19471 15
19477 15
19483 15
19489 14
19501 14
19507 16
19531 21
19541 18
19543 19
19553 15
19559 13
19571 18
19577 17
19583 13
19597 17
19603 15
19609 18
19661 16
19681 15
19687 13
19697 19
19699 13
19709 20
19717 20
19727 19
19739 19
19751 14
19753 15
19759 14
19763 13
19777 13
19793 19
19801 20
19813 18
19819 13
19841 17
19843 20
19853 14
19861 18
19867 21
19889 13
19891 17
19913 14
19919 19
19927 14
19937 15
19949 18
19961 17
19963 20
19973 13
19979 20
19991 13
19993 16
19997 21
20011 16
20021 17
20023 16
20029 13
20047 16
20051 18
20063 19
20071 15
20089 15
20101 15
20107 20
20113 18
20117 20
20123 13
20129 21
20143 18
20147 20
20149 13
20161 21
20173 19
20177 14
20183 18
20201 14
20219 19
20231 21
20233 18
20249 14
20261 15
20269 14
20287 14
20297 20
20323 15
20327 20
20333 14
20341 16
20347 18
20353 19
20357 14
20359 19
20369 16
20389 19
20393 21
20399 14
20407 15
20411 21
20431 17
20441 20
20443 13
20477 16
20479 20
20483 17
20507 18
20509 19
20521 17
20533 19
20543 19
20549 17
20551 20
20563 19
20593 18
20599 17
20611 16
20627 17
20639 19
20641 13
20663 15
20681 15
20693 17
20707 15
20717 21
20719 15
20731 17
20743 14
20747 13
20749 16
20753 19
20759 18
20771 20
20773 15
20789 18
20807 16
20809 14
20849 18
20857 17
20873 13
20879 21
20887 17
20897 16
20899 21
20903 17
20921 21
20929 14
20939 19
20947 16
20959 13
20963 18
20981 14
20983 15
21001 21
21011 20
21013 19
21017 21
21019 13
21023 18
21031 19
21059 20
21061 20
21067 20
21089 19
21101 14
21107 16
21121 19
21139 16
21143 15
21149 15
21157 20
21163 21
21169 17
21179 18
21187 20
21191 15
21193 17
21211 15
21221 21
21227 15
21247 14
21269 16
21277 18
21283 13
21313 17
21317 20
21319 19
21323 20
21341 18
21347 18
21377 13
21379 18
21383 19
21391 20
21397 17
21401 15
21407 17
21419 19
21433 19
21467 19
21481 15
21487 20
21491 14
21493 13
21499 17
21503 21
21517 16
21521 14
21523 13
21529 21
21557 15
21559 21
21563 15
21569 15
21577 14
21587 21
21589 21
21599 16
21601 21
21611 16
21613 15
21617 16
21647 17
21649 14
21661 19
21673 19
21683 19
21701 16
21713 15
21727 21
21737 18
21739 19
21751 18
21757 19
21767 13
21773 18
21787 18
21799 17
21803 15
21817 19
21821 21
21839 21
21841 20
21851 15
21859 17
21863 15
21871 20
21881 15
21893 13
21911 14
21929 16
21937 14
21943 18
21961 18
21977 13
21991 13
21997 21
22003 16
22013 13
22027 13
22031 16
22037 20
22039 18
22051 18
22063 21
22067 16
22073 15
22079 13
22091 16
22093 19
22109 21
22111 17
22123 16
22129 16
22133 17
22147 18
22153 16
22157 14
22159 19
22171 14
22189 19
22193 17
22229 18
22247 17
22259 21
22271 15
22273 17
22277 13
22279 14
22283 20
22291 15
22303 21
22307 14
22343 21
22349 18
22367 20
22369 21
22381 17
22391 16
22397 21
22409 15
22433 19
22441 15
22447 14
22453 15
22469 19
22481 15
22483 15
22501 19
22511 19
22531 16
22541 17
22543 14
22549 13
22567 16
22571 16
22573 20
22613 19
22619 14
22621 21
22637 18
22639 13
22643 13
22651 14
22669 20
22679 18
22691 13
22697 17
22699 21
22709 19
22717 18
22721 15
22727 16
22739 19
22741 13
22751 15
22769 20
22777 14
22783 15
22787 20
22807 15
22811 13
22817 21
22853 20
22859 16
22861 18
22871 16
22877 20
22901 18
22907 20
22921 19
22937 19
22943 14
22961 13
22963 13
22973 21
22993 14
23003 20
23011 21
23017 13
23021 16
23027 18
23029 20
23039 13
23041 13
23053 20
23057 16
23059 18
23063 16
23071 17
23081 15
23087 16
23099 17
23117 13
23131 19
23143 18
23159 17
23167 14
23173 20
23189 14
23197 15
23201 21
23203 13
23209 19
23227 15
23251 19
23269 16
23279 16
23291 16
23293 21
23297 17
23311 14
23321 21
23327 14
23333 14
23339 21
23357 14
23369 13
23371 15
23399 20
23417 13
23431 14
23447 21
23459 16
23473 16
23497 16
23509 16
23531 19
23537 21
23539 14
23549 13
23557 15
23561 19
23563 18
23567 14
23581 21
23593 15
23599 16
23603 16
23609 19
23623 20
23627 13
23629 17
23633 21
23663 18
23669 19
23671 21
23677 18
23687 19
23689 14
23719 16
23741 16
23743 15
23747 15
23753 18
23761 21
23767 14
23773 19
23789 21
23801 20
23813 15
23819 18
23827 18
23831 18
23833 15
23857 19
23869 18
23873 19
23879 19
23887 14
23893 19
23899 14
23909 19
23911 13
23917 17
23929 16
23957 13
23971 17
23977 15
23981 15
23993 16
24001 20
24007 13
24019 14
24023 21
24029 21
24043 15
24049 17
24061 21
24071 16
24077 13
24083 19
24091 20
24097 14
24103 14
24107 14
24109 16
24113 19
24121 15
24133 13
24137 20
24151 18
24169 16
24179 18
24181 18
24197 13
24203 19
24223 19
24229 16
24239 14
24247 19
24251 16
24281 16
24317 16
24329 21
24337 15
24359 15
24371 21
24373 14
24379 18
24391 16
24407 13
24413 18
24419 20
24421 14
24439 16
24443 15
24469 16
24473 20
24481 16
24499 21
24509 16
24517 20
24527 15
24533 20
24547 19
24551 16
24571 21
24593 17
24611 13
24623 19
24631 17
24659 21
24671 21
24677 19
24683 15
24691 16
24697 19
24709 16
24733 20
24749 21
24763 21
24767 15
24781 16
24793 21
24799 14
24809 14
24821 13
24841 18
24847 19
24851 18
24859 18
24877 17
24889 18
24907 21
24917 20
24919 21
24923 14
24943 18
24953 19
24967 15
24971 16
24977 20
24979 17
24989 18
25013 21
25031 14
25033 19
25037 19
25057 16
25073 21
25087 21
25097 14
25111 20
25117 14
25121 21
25127 14
25147 20
25153 20
25163 15
25169 19
25171 21
25183 15
25189 21
25219 18
25229 14
25237 21
25243 22
25247 18
25253 16
25261 22
25301 18
25303 17
25307 16
25309 17
25321 16
25339 15
25343 21
25349 20
25357 20
25367 21
25373 19
25391 15
25409 15
25411 20
25423 20
25439 22
25447 21
25453 22
25457 19
25463 19
25469 21
25471 20
25523 22
25537 19
25541 21
25561 22
25577 14
25579 18
25583 16
25589 21
25601 17
25603 16
25609 16
25621 17
25633 14
25639 16
25643 22
25657 22
25667 19
25673 15
25679 22
25693 22
25703 21
25717 14
25733 14
25741 16
25747 19
25759 15
25763 18
25771 21
25793 21
25799 16
25801 19
25819 19
25841 19
25847 20
25849 19
25867 16
25873 14
25889 21
25903 17
25913 17
25919 14
25931 22
25933 15
25939 21
25943 19
25951 20
25969 17
25981 20
25997 19
25999 17
26003 22
26017 20
26021 15
26029 21
26041 17
26053 14
26083 19
26099 21
26107 15
26111 22
26113 18
26119 19
26141 17
26153 17
26161 22
26171 20
26177 15
26183 15
26189 21
26203 20
26209 15
26227 16
26237 20
26249 16
26251 17
26261 14
26263 19
26267 20
26293 17
26297 16
26309 22
26317 15
26321 17
26339 19
26347 17
26357 15
26371 18
26387 17
26393 16
26399 16
26407 18
26417 15
26423 17
26431 16
26437 19
26449 22
26459 14
26479 22
26489 16
26497 15
26501 15
26513 18
26539 22
26557 15
26561 17
26573 14
26591 21
26597 14
26627 19
26633 22
26641 20
26647 19
26669 19
26681 14
26683 20
26687 20
26693 20
26699 17
26701 20
26711 17
26713 16
26717 14
26723 22
26729 18
26731 14
26737 21
26759 18
26777 14
26783 21
26801 22
26813 17
26821 20
26833 19
26839 17
26849 16
26861 21
26863 21
26879 21
26881 21
26891 18
26893 22
26903 20
26921 14
26927 15
26947 21
26951 22
26953 20
26959 22
26981 15
26987 21
26993 17
27011 21
27017 17
27031 21
27043 21
27059 18
27061 20
27067 18
27073 22
27077 21
27091 19
27103 16
27107 22
27109 20
27127 14
27143 21
27179 20
27191 22
27197 15
27211 18
27239 20
27241 17
27253 14
27259 22
27271 19
27277 14
27281 16
27283 19
27299 17
27329 14
27337 20
27361 14
27367 20
27397 18
27407 20
27409 20
27427 15
27431 15
27437 15
27449 19
27457 18
27479 19
27481 21
27487 19
27509 14
27527 17
27529 18
27539 17
27541 19
27551 15
27581 17
27583 22
27611 15
27617 21
27631 20
27647 21
27653 19
27673 20
27689 18
27691 18
27697 17
27701 22
27733 15
27737 22
27739 21
27743 17
27749 18
27751 22
27763 16
27767 22
27773 19
27779 19
27791 17
27793 19
27799 17
27803 17
27809 20
27817 14
27823 20
27827 15
27847 22
27851 18
27883 14
27893 18
27901 15
27917 19
27919 21
27941 18
27943 15
27947 22
27953 15
27961 16
27967 19
27983 17
27997 18
28001 17
28019 20
28027 16
28031 15
28051 19
28057 14
28069 21
28081 22
28087 22
28097 17
28099 20
28109 14
28111 19
28123 20
28151 14
28163 21
28181 16
28183 16
28201 20
28211 16
28219 15
28229 14
28277 20
28279 21
28283 15
28289 17
28297 21
28307 18
28309 14
28319 20
28349 14
28351 20
28387 20
28393 19
28403 21
28409 15
28411 18
28429 16
28433 20
28439 20
28447 17
28463 16
28477 21
28493 18
28499 17
28513 15
28517 19
28537 21
28541 17
28547 19
28549 19
28559 14
28571 22
28573 21
28579 18
28591 17
28597 16
28603 20
28607 20
28619 15
28621 20
28627 14
28631 21
28643 21
28649 17
28657 21
28661 14
28663 16
28669 16
28687 15
28697 18
28703 16
28711 20
28723 19
28729 15
28751 20
28753 22
28759 16
28771 22
28789 14
28793 22
28807 21
28813 22
28817 20
28837 21
28843 14
28859 18
28867 19
28871 17
28879 20
28901 21
28909 22
28921 17
28927 16
28933 14
28949 18
28961 14
28979 17
29009 16
29017 14
29021 20
29023 22
29027 22
29033 20
29059 22
29063 15
29077 18
29101 22
29123 18
29129 18
29131 19
29137 14
29147 21
29153 17
29167 14
29173 17
29179 16
29191 15
29201 22
29207 17
29209 19
29221 22
29231 15
29243 16
29251 22
29269 17
29287 21
29297 20
29303 22
29311 18
29327 21
29333 20
29339 16
29347 21
29363 15
29383 22
29387 22
29389 16
29399 17
29401 15
29411 14
29423 15
29429 19
29437 16
29443 18
29453 21
29473 15
29483 22
29501 22
29527 14
29531 19
29537 15
29567 19
29569 18
29573 14
29581 17
29587 19
29599 18
29611 22
29629 14
29633 14
29641 18
29663 14
29669 22
29671 16
29683 14
29717 22
29723 22
29741 16
29753 22
29759 15
29761 15
29789 17
29803 22
29819 20
29833 18
29837 15
29851 22
29863 19
29867 21
29873 22
29879 22
29881 21
29917 14
29921 17
29927 19
29947 19
29959 15
29983 14
29989 17
30011 18
30013 17
30029 14
30047 14
30059 15
30071 15
30089 16
30091 22
30097 22
30103 18
30109 21
30113 20
30119 19
30133 21
30137 14
30139 19
30161 18
30169 20
30181 21
30187 19
30197 18
30203 18
30211 18
30223 21
30241 15
30253 15
30259 14
30269 15
30271 14
30293 19
30307 18
30313 19
30319 18
30323 16
30341 20
30347 18
30367 16
30389 19
30391 19
30403 22
30427 14
30431 15
30449 15
30467 18
30469 15
30491 17
30493 15
30497 21
30509 17
30517 15
30529 18
30539 16
30553 18
30557 14
30559 19
30577 21
30593 17
30631 22
30637 21
30643 16
30649 17
30661 18
30671 21
30677 17
30689 16
30697 14
30703 18
30707 15
30713 21
30727 17
30757 21
30763 22
30773 22
30781 22
30803 15
30809 21
30817 17
30829 18
30839 22
30841 18
30851 22
30853 17
30859 14
30869 18
30871 22
30881 20
30893 18
30911 22
30931 14
30937 14
30941 22
30949 19
30971 16
30977 22
30983 19
31013 18
31019 19
31033 21
31039 15
31051 20
31063 21
31069 22
31079 19
31081 19
31091 19
31121 21
31123 21
31139 19
31147 16
31151 21
31153 20
31159 15
31177 20
31181 20
31183 17
31189 21
31193 18
31219 22
31223 21
31231 20
31237 22
31247 15
31249 16
31253 22
31259 17
31267 17
31271 21
31277 22
31307 17
31319 19
31321 21
31327 16
31333 21
31337 22
31357 18
31379 15
31387 17
31391 17
31393 14
31397 22
31469 20
31477 22
31481 19
31489 22
31511 20
31513 17
31517 17
31531 21
31541 21
31543 21
31547 14
31567 22
31573 17
31583 14
31601 15
31607 15
31627 16
31643 22
31649 17
31657 16
31663 15
31667 19
31687 21
31699 18
31721 19
31723 14
31727 14
31729 16
31741 17
31751 19
31769 19
31771 16
31793 19
31799 15
31817 17
31847 15
31849 16
31859 18
31873 19
31883 21
31891 22
31907 21
31957 19
31963 18
31973 17
31981 15
31991 14
32003 20
32009 22
32027 22
32029 15
32051 22
32057 16
32059 16
32063 14
32069 19
32077 19
32083 20
32089 19
32099 22
32117 17
32119 20
32141 21
32143 15
32159 17
32173 15
32183 22
32189 16
32191 19
32203 16
32213 22
32233 22
32237 16
32251 15
32257 14
32261 15
32297 18
32299 19
32303 16
32309 22
32321 17
32323 22
32327 20
32341 20
32353 20
32359 15
32363 22
32369 21
32371 14
32377 20
32381 18
32401 22
32411 20
32413 18
32423 18
32429 15
32441 19
32443 19
32467 21
32479 15
32491 17
32497 19
32503 20
32507 20
32531 14
32533 15
32537 20
32561 20
32563 19
32569 21
32573 14
32579 19
32587 17
32603 17
32609 22
32611 16
32621 20
32633 22
32647 14
32653 20
32687 17
32693 16
32707 20
32713 21
32717 16
32719 21
32749 22
32771 19
32779 17
32783 18
32789 22
32797 19
32801 18
32803 19
32831 19
32833 20
32839 20
32843 18
32869 19
32887 22
32909 19
32911 14
32917 20
32933 21
32939 21
32941 22
32957 18
32969 21
32971 17
32983 19
32987 18
32993 17
32999 19
33013 20
33023 17
33029 14
33037 18
33049 21
33053 20
33071 18
33073 16
33083 16
33091 17
33107 16
33113 16
33119 21
33149 18
33151 22
33161 22
33179 22
33181 17
33191 15
33199 22
33203 19
33211 20
33223 18
33247 21
33287 22
33289 17
33301 22
33311 15
33317 14
33329 19
33331 19
33343 22
33347 17
33349 15
33353 14
33359 20
33377 21
33391 20
33403 16
33409 21
33413 19
33427 17
33457 18
33461 22
33469 19
33479 17
33487 21
33493 22
33503 19
33521 22
33529 16
33533 19
33547 19
33563 15
33569 22
33577 21
33581 19
33587 19
33589 16
33599 18
33601 15
33613 16
33617 15
33619 16
33623 15
33629 16
33637 19
33641 15
33647 14
33679 21
33703 14
33713 16
33721 17
33739 21
33749 20
33751 21
33757 20
33767 14
33769 15
33773 15
33791 18
33797 16
33809 16
33811 14
33827 15
33829 16
33851 17
33857 14
33863 15
33871 17
33889 19
33893 14
33911 22
33923 19
33931 20
33937 15
33941 16
33961 21
33967 15
33997 17
34019 21
34031 16
34033 18
34039 21
34057 17
34061 18
34123 21
34127 14
34129 17
34141 17
34147 18
34157 21
34159 17
34171 20
34183 14
34211 22
34213 19
34217 19
34231 21
34253 17
34259 18
34261 14
34267 17
34273 19
34283 19
34297 14
34301 18
34303 18
34313 15
34319 16
34327 17
34337 17
34351 14
34361 22
34367 22
34369 16
34381 20
34403 20
34421 20
34429 15
34439 15
34457 17
34469 14
34471 15
34483 21
34487 15
34499 21
34501 20
34511 20
34513 16
34519 18
34537 18
34543 22
34549 20
34583 19
34589 17
34591 20
34603 20
34607 17
34613 21
34631 14
34649 14
34651 17
34667 19
34673 20
34679 17
34687 17
34693 17
34703 20
34721 17
34729 16
34739 16
34747 18
34757 18
34759 21
34763 20
34781 19
34807 22
34819 22
34841 15
34843 20
34847 15
34849 22
34871 15
34877 15
34883 18
34897 22
34913 18
34919 15
34939 19
34949 14
34961 21
34963 18
34981 20
35023 16
35027 20
35051 17
35053 16
35059 19
35069 14
35081 18
35083 14
35089 18
35099 15
35107 20
35111 17
35117 15
35129 20
35141 22
35149 15
35153 16
35159 20
35171 22
35201 14
35221 14
35227 14
35251 22
35257 17
35267 19
35279 22
35281 14
35291 19
35311 16
35317 22
35323 18
35327 20
35339 14
35353 20
35363 16
35381 22
35393 14
35401 16
35407 15
35419 14
35423 14
35437 18
35447 22
35449 17
35461 16
35491 19
35507 18
35509 21
35521 18
35527 15
35531 18
35533 19
35537 21
35543 15
35569 17
35573 19
35591 16
35593 17
35597 14
35603 14
35617 19
35671 22
35677 20
35729 16
35731 16
35747 14
35753 21
35759 21
35771 17
35797 18
35801 18
35803 15
35809 21
35831 20
35837 19
35839 17
35851 17
35863 22
35869 22
35879 21
35897 18
35899 21
35911 16
35923 19
35933 15
35951 15
35963 22
35969 15
35977 16
35983 14
35993 20
35999 15
36007 22
36011 22
36013 22
36017 15
36037 14
36061 15
36067 15
36073 20
36083 15
36097 14
36107 19
36109 20
36131 17
36137 17
36151 21
36161 16
36187 20
36191 14
36209 20
36217 18
36229 21
36241 20
36251 16
36263 22
36269 21
36277 16
36293 16
36299 18
36307 18
36313 22
36319 22
36341 16
36343 21
36353 17
36373 22
36383 17
36389 15
36433 18
36451 14
36457 18
36467 21
36469 17
36473 18
36479 20
36493 21
36497 16
36523 17
36527 15
36529 20
36541 20
36551 14
36559 14
36563 19
36571 16
36583 19
36587 15
36599 22
36607 16
36629 15
36637 20
36643 22
36653 22
36671 17
36677 15
36683 22
36691 16
36697 19
36709 14
36713 20
36721 19
36739 18
36749 16
36761 21
36767 16
36779 15
36781 16
36787 16
36791 21
36793 21
36809 17
36821 18
36833 20
36847 22
36857 15
36871 17
36877 19
36887 18
36899 14
36901 15
36913 16
36919 15
36923 20
36929 15
36931 21
36943 21
36947 19
36973 17
36979 20
36997 18
37003 17
37013 20
37019 19
37021 16
37039 17
37049 22
37057 14
37061 16
37087 18
37097 21
37117 14
37123 21
37139 22
37159 15
37171 20
37181 18
37189 15
37199 14
37201 16
37217 17
37223 15
37243 17
37253 22
37273 15
37277 17
37307 19
37309 20
37313 22
37321 18
37337 16
37339 19
37357 14
37361 21
37363 16
37369 16
37379 22
37397 21
37409 20
37423 22
37441 18
37447 22
37463 15
37483 22
37489 22
37493 22
37501 19
37507 16
37511 19
37517 20
37529 18
37537 22
37547 14
37549 15
37561 19
37567 17
37571 19
37573 15
37579 19
37589 22
37591 19
37607 19
37619 16
37633 14
37643 17
37649 15
37657 14
37663 20
37691 17
37693 14
37699 21
37717 18
37747 19
37781 18
37783 20
37799 17
37811 15
37813 22
37831 17
37847 19
37853 15
37861 14
37871 16
37879 19
37889 16
37897 14
37907 16
37951 19
37957 17
37963 18
37967 19
37987 14
37991 18
37993 14
37997 15
38011 19
38039 22
38047 18
38053 18
38069 14
38083 14
38113 21
38119 20
38149 16
38153 16
38167 19
38177 16
38183 21
38189 14
38197 17
38201 17
38219 20
38231 22
38237 14
38239 21
38261 22
38273 22
38281 18
38287 14
38299 22
38303 20
38317 16
38321 19
38327 15
38329 14
38333 16
38351 20
38371 19
38377 16
38393 15
38431 16
38447 17
38449 16
38453 17
38459 19
38461 20
38501 14
38543 15
38557 14
38561 22
38567 22
38569 19
38593 18
38603 15
38609 17
38611 16
38629 18
38639 15
38651 22
38653 14
38669 21
38671 16
38677 17
38693 21
38699 15
38707 16
38711 20
38713 15
38723 14
38729 15
38737 18
38747 20
38749 18
38767 17
38783 22
38791 19
38803 14
38821 14
38833 22
38839 21
38851 21
38861 15
38867 17
38873 20
38891 14
38903 17
38917 19
38921 18
38923 14
38933 18
38953 20
38959 16
38971 17
38977 21
38993 14
39019 22
39023 17
39041 18
39043 14
39047 17
39079 22
39089 14
39097 19
39103 21
39107 22
39113 18
39119 15
39133 15
39139 15
39157 16
39161 18
39163 22
39181 15
39191 17
39199 21
39209 14
39217 21
39227 22
39229 16
39233 19
39239 15
39241 22
39251 21
39293 15
39301 17
39313 21
39317 18
39323 14
39341 20
39343 17
39359 22
39367 19
39371 22
39373 15
39383 14
39397 21
39409 16
39419 18
39439 17
39443 22
39451 17
39461 18
39499 18
39503 14
39509 22
39511 19
39521 18
39541 14
39551 22
39563 15
39569 17
39581 16
39607 19
39619 15
39623 14
39631 15
39659 18
39667 21
39671 19
39679 19
39703 19
39709 16
39719 18
39727 22
39733 20
39749 15
39761 21
39769 17
39779 17
39791 18
39799 17
39821 23
39827 15
39829 18
39839 18
39841 17
39847 15
39857 20
39863 16
39869 18
39877 15
39883 17
39887 19
39901 21
39929 16
39937 17
39953 15
39971 18
39979 19
39983 22
39989 18
40009 21
40013 16
40031 19
40037 15
40039 20
40063 20
40087 20
40093 15
40099 23
40111 16
40123 21
40127 17
40129 22
40151 22
40153 15
40163 22
40169 19
40177 19
40189 19
40193 22
40213 21
40231 18
40237 19
40241 21
40253 22
40277 19
40283 17
40289 21
40343 15
40351 16
40357 19
40361 18
40387 19
40423 16
40427 22
40429 17
40433 19
40459 16
40471 22
40483 19
40487 20
40493 16
40499 23
40507 23
40519 15
40529 19
40531 21
40543 23
40559 19
40577 18
40583 18
40591 16
40597 18
40609 16
40627 18
40637 22
40639 21
40693 17
40697 17
40699 17
40709 21
40739 18
40751 22
40759 18
40763 19
40771 17
40787 22
40801 16
40813 20
40819 19
40823 17
40829 15
40841 15
40847 20
40849 16
40853 15
40867 21
40879 16
40883 22
40897 19
40903 18
40927 22
40933 19
40939 23
40949 19
40961 16
40973 16
40993 18
41011 19
41017 23
41023 23
41039 23
41047 18
41051 15
41057 15
41077 16
41081 18
41113 19
41117 22
41131 18
41141 20
41143 22
41149 15
41161 22
41177 22
41179 20
41183 20
41189 19
41201 23
41203 22
41213 16
41221 19
41227 17
41231 23
41233 23
41243 19
41257 22
41263 22
41269 21
41281 20
41299 15
41333 16
41341 23
41351 22
41357 23
41381 19
41387 18
41389 17
41399 21
41411 21
41413 19
41443 18
41453 23
41467 17
41479 18
41491 20
41507 20
41513 18
41519 21
41521 23
41539 20
41543 21
41549 20
41579 22
41593 21
41597 22
41603 16
41609 21
41611 15
41617 22
41621 23
41627 22
41641 23
41647 22
41651 19
41659 22
41669 20
41681 19
41687 20
41719 22
41729 18
41737 17
41759 20
41761 20
41771 17
41777 19
41801 21
41809 23
41813 17
41843 21
41849 22
41851 17
41863 22
41879 18
41887 18
41893 21
41897 16
41903 17
41911 19
41927 16
41941 20
41947 17
41953 16
41957 16
41959 15
41969 16
41981 17
41983 17
41999 21
42013 15
42017 15
42019 22
42023 15
42043 18
42061 17
42071 20
42073 20
42083 15
42089 16
42101 17
42131 17
42139 17
42157 15
42169 20
42179 21
42181 15
42187 15
42193 22
42197 22
42209 17
42221 15
42223 15
42227 22
42239 19
42257 20
42281 22
42283 18
42293 23
42299 20
42307 20
42323 18
42331 22
42337 16
42349 19
42359 18
42373 19
42379 23
42391 22
42397 17
42403 20
42407 23
42409 18
42433 21
42437 23
42443 23
42451 20
42457 21
42461 21
42463 23
42467 15
42473 22
42487 18
42491 23
42499 23
42509 19
42533 21
42557 20
42569 17
42571 21
42577 18
42589 19
42611 15
42641 15
42643 15
42649 21
42667 16
42677 19
42683 16
42689 16
42697 17
42701 21
42703 19
42709 19
42719 15
42727 15
42737 21
42743 19
42751 22
42767 20
42773 21
42787 20
42793 20
42797 17
42821 17
42829 23
42839 15
42841 23
42853 22
42859 22
42863 20
42899 20
42901 20
42923 15
42929 23
42937 19
42943 18
42953 19
42961 19
42967 17
42979 23
42989 17
43003 19
43013 22
43019 15
43037 15
43049 17
43051 18
43063 16
43067 20
43093 17
43103 15
43117 17
43133 15
43151 20
43159 18
43177 22
43189 21
43201 17
43207 16
43223 20
43237 17
43261 17
43271 21
43283 21
43291 16
43313 16
43319 21
43321 15
43331 16
43391 23
43397 15
43399 23
43403 20
43411 21
43427 18
43441 17
43451 19
43457 17
43481 18
43487 17
43499 23
43517 23
43541 23
43543 20
43573 22
43577 19
43579 17
43591 19
43597 20
43607 18
43609 21
43613 18
43627 18
43633 19
43649 20
43651 23
43661 17
43669 22
43691 21
43711 19
43717 23
43721 15
43753 21
43759 21
43777 23
43781 17
43783 18
43787 23
43789 15
43793 17
43801 20
43853 21
43867 22
43889 23
43891 22
43913 18
43933 23
43943 21
43951 18
43961 18
43963 23
43969 17
43973 17
43987 23
43991 16
43997 20
44017 18
44021 15
44027 16
44029 18
44041 23
44053 23
44059 23
44071 18
44087 18
44089 15
44101 23
44111 20
44119 17
44123 23
44129 17
44131 16
44159 23
44171 23
44179 18
44189 22
44201 15
44203 20
44207 22
44221 19
44249 23
44257 18
44263 20
44267 16
44269 15
44273 21
44279 19
44281 17
44293 20
44351 23
44357 15
44371 22
44381 15
44383 23
44389 23
44417 16
44449 19
44453 17
44483 22
44491 22
44497 19
44501 20
44507 18
44519 16
44531 20
44533 20
44537 15
44543 23
44549 21
44563 15
44579 19
44587 20
44617 20
44621 22
44623 19
44633 23
44641 23
44647 23
44651 16
44657 15
44683 23
44687 22
44699 17
44701 21
44711 19
44729 22
44741 21
44753 19
44771 23
44773 18
44777 20
44789 18
44797 20
44809 16
44819 19
44839 19
44843 20
44851 17
44867 22
44879 17
44887 18
44893 18
44909 15
44917 19
44927 23
44939 17
44953 22
44959 17
44963 18
44971 15
44983 18
44987 16
45007 20
45013 22
45053 18
45061 20
45077 23
45083 21
45119 20
45121 19
45127 23
45131 23
45137 21
45139 21
45161 17
45179 17
45181 18
45191 23
45197 18
45233 20
45247 16
45259 15
45263 20
45281 23
45289 21
45293 17
45307 21
45317 20
45319 20
45329 17
45337 20
45341 16
45343 18
45361 22
45377 18
45389 21
45403 21
45413 15
45427 19
45433 23
45439 20
45481 22
45491 20
45497 22
45503 16
45523 17
45533 17
45541 23
45553 16
45557 17
45569 17
45587 20
45589 21
45599 16
45613 20
45631 22
45641 19
45659 17
45667 20
45673 21
45677 20
45691 23
45697 23
45707 22
45737 17
45751 21
45757 18
45763 20
45767 16
45779 18
45817 19
45821 15
45823 22
45827 15
45833 20
45841 23
45853 19
45863 18
45869 21
45887 20
45893 18
45943 21
45949 22
45953 16
45959 23
45971 15
45979 17
45989 15
46021 21
46027 19
46049 18
46051 15
46061 19
46073 21
46091 15
46093 15
46099 17
46103 19
46133 15
46141 17
46147 23
46153 20
46171 21
46181 17
46183 15
46187 17
46199 15
46219 21
46229 23
46237 22
46261 18
46271 19
46273 16
46279 18
46301 16
46307 21
46309 22
46327 20
46337 21
46349 17
46351 15
46381 15
46399 21
46411 20
46439 20
46441 21
46447 16
46451 23
46457 15
46471 20
46477 21
46489 15
46499 16
46507 21
46511 16
46523 23
46549 23
46559 19
46567 20
46573 19
46589 19
46591 20
46601 22
46619 23
46633 20
46639 19
46643 19
46649 17
46663 19
46679 18
46681 23
46687 16
46691 16
46703 23
46723 21
46727 17
46747 22
46751 23
46757 16
46769 16
46771 20
46807 18
46811 21
46817 23
46819 23
46829 16
46831 18
46853 17
46861 16
46867 17
46877 15
46889 17
46901 19
46919 19
46933 20
46957 22
46993 19
46997 20
47017 18
47041 18
47051 17
47057 23
47059 16
47087 20
47093 18
47111 15
47119 17
47123 16
47129 19
47137 22
47143 19
47147 16
47149 22
47161 19
47189 21
47207 15
47221 17
47237 22
47251 18
47269 15
47279 16
47287 21
47293 19
47297 17
47303 20
47309 21
47317 17
47339 17
47351 22
47353 21
47363 22
47381 17
47387 18
47389 16
47407 19
47417 17
47419 15
47431 18
47441 19
47459 16
47491 18
47497 15
47501 21
47507 17
47513 20
47521 17
47527 18
47533 21
47543 15
47563 19
47569 23
47581 23
47591 22
47599 20
47609 23
47623 17
47629 20
47639 15
47653 16
47657 16
47659 19
47681 23
47699 23
47701 19
47711 23
47713 18
47717 17
47737 17
47741 22
47743 20
47777 17
47779 20
47791 22
47797 18
47807 18
47809 19
47819 20
47837 17
47843 17
47857 15
47869 17
47881 23
47903 22
47911 21
47917 21
47933 18
47939 17
47947 19
47951 20
47963 16
47969 23
47977 16
47981 16
48017 20
48023 15
48029 18
48049 20
48073 16
48079 22
48091 23
48109 21
48119 22
48121 20
48131 17
48157 19
48163 15
48179 22
48187 15
48193 20
48197 17
48221 20
48239 17
48247 16
48259 15
48271 15
48281 22
48299 19
48311 19
48313 22
48337 23
48341 15
48353 15
48371 23
48383 16
48397 23
48407 23
48409 23
48413 21
48437 15
48449 20
48463 23
48473 15
48479 20
48481 15
48487 18
48491 20
48497 16
48523 15
48527 16
48533 16
48539 22
48541 21
48563 22
48571 17
48589 20
48593 21
48611 22
48619 19
48623 15
48647 20
48649 18
48661 22
48673 21
48677 19
48679 21
48731 23
48733 23
48751 21
48757 15
48761 18
48767 19
48779 16
48781 15
48787 15
48799 23
48809 19
48817 23
48821 22
48823 21
48847 23
48857 17
48859 20
48869 19
48871 23
48883 18
48889 15
48907 22
48947 22
48953 19
48973 19
48989 22
48991 15
49003 20
49009 22
49019 20
49031 17
49033 20
49037 16
49043 18
49057 19
49069 21
49081 23
49103 21
49109 15
49117 16
49121 15
49123 15
49139 20
49157 22
49169 20
49171 17
49177 18
49193 19
49199 22
49201 19
49207 19
49211 15
49223 15
49253 17
49261 16
49277 21
49279 20
49297 15
49307 15
49331 18
49333 20
49339 18
49363 23
49367 15
49369 18
49391 16
49393 21
49409 21
49411 15
49417 21
49429 16
49433 20
49451 22
49459 19
49463 22
49477 19
49481 23
49499 22
49523 21
49529 21
49531 15
49537 18
49547 21
49549 19
49559 17
49597 17
49603 21
49613 20
49627 22
49633 16
49639 23
49663 23
49667 20
49669 20
49681 17
49697 17
49711 18
49727 17
49739 19
49741 19
49747 20
49757 16
49783 19
49787 18
49789 17
49801 16
49807 21
49811 21
49823 20
49831 22
49843 16
49853 15
49871 17
49877 19
49891 21
49919 15
49921 19
49927 16
49937 19
49939 16
49943 18
49957 18
49991 15
49993 22
49999 19
50021 19
50023 23
50033 21
50047 17
50051 23
50053 18
50069 16
50077 16
50087 19
50093 17
50101 16
50111 23
50119 15
50123 19
50129 18
50131 16
50147 21
50153 15
50159 16
50177 16
50207 15
50221 21
50227 23
50231 17
50261 18
50263 20
50273 16
50287 19
50291 23
50311 19
50321 20
50329 18
50333 16
50341 15
50359 22
50363 17
50377 23
50383 20
50387 21
50411 22
50417 18
50423 20
50441 23
50459 20
50461 21
50497 19
50503 16
50513 16
50527 22
50539 15
50543 16
50549 23
50551 15
50581 22
50587 21
50591 21
50593 21
50599 17
50627 20
50647 16
50651 18
50671 23
50683 21
50707 20
50723 18
50741 21
50753 16
50767 18
50773 18
50777 15
50789 22
50821 16
50833 15
50839 18
50849 20
50857 17
50867 15
50873 17
50891 22
50893 22
50909 16
50923 20
50929 19
50951 19
50957 21
50969 22
50971 17
50989 15
50993 23
51001 18
51031 16
51043 16
51047 19
51059 20
51061 22
51071 18
51109 22
51131 17
51133 15
51137 23
51151 23
51157 16
51169 17
51193 21
51197 21
51199 19
51203 22
51217 21
51229 22
51239 16
51241 21
51257 23
51263 22
51283 19
51287 20
51307 19
51329 22
51341 16
51343 22
51347 19
51349 17
51361 18
51383 18
51407 19
51413 17
51419 23
51421 22
51427 20
51431 22
51437 22
51439 23
51449 23
51461 19
51473 16
51479 17
51481 16
51487 16
51503 19
51511 23
51517 19
51521 17
51539 23
51551 17
51563 15
51577 15
51581 23
51593 21
51599 19
51607 22
51613 20
51631 23
51637 18
51647 23
51659 17
51673 18
51679 20
51683 16
51691 22
51713 16
51719 19
51721 16
51749 15
51767 17
51769 18
51787 15
51797 22
51803 23
51817 21
51827 20
51829 17
51839 20
51853 21
51859 23
51869 18
51871 21
51893 21
51899 16
51907 19
51913 17
51929 19
51941 21
51949 18
51971 22
51973 21
51977 21
51991 16
52009 17
52021 23
52027 18
52051 23
52057 17
52067 23
52069 16
52081 23
52103 22
52121 19
52127 16
52147 20
52153 19
52163 19
52177 18
52181 16
52183 21
52189 15
52201 18
52223 17
52237 17
52249 16
52253 18
52259 17
52267 15
52289 22
52291 16
52301 17
52313 15
52321 17
52361 17
52363 15
52369 17
52379 21
52387 16
52391 17
52433 15
52453 21
52457 23
52489 22
52501 18
52511 15
52517 15
52529 18
52541 23
52543 22
52553 16
52561 22
52567 17
52571 17
52579 18
52583 23
52609 23
52627 20
52631 18
52639 21
52667 18
52673 16
52691 15
52697 18
52709 21
52711 20
52721 16
52727 23
52733 19
52747 23
52757 21
52769 21
52783 22
52807 16
52813 17
52817 15
52837 17
52859 20
52861 20
52879 15
52883 20
52889 15
52901 15
52903 19
52919 22
52937 19
52951 20
52957 19
52963 16
52967 20
52973 15
52981 21
52999 16
53003 18
53017 20
53047 20
53051 17
53069 20
53077 22
53087 16
53089 21
53093 17
53101 19
53113 22
53117 18
53129 17
53147 16
53149 22
53161 19
53171 17
53173 22
53189 18
53197 15
53201 23
53231 16
53233 23
53239 18
53267 20
53269 23
53279 23
53281 16
53299 19
53309 19
53323 21
53327 15
53353 18
53359 21
53377 17
53381 16
53401 16
53407 20
53411 21
53419 22
53437 23
53441 16
53453 23
53479 20
53503 18
53507 22
53527 23
53549 23
53551 15
53569 16
53591 19
53593 15
53597 17
53609 19
53611 21
53617 17
53623 23
53629 23
53633 18
53639 18
53653 23
53657 17
53681 19
53693 20
53699 19
53717 22
53719 19
53731 20
53759 20
53773 21
53777 18
53783 17
53791 18
53813 21
53819 21
53831 16
53849 20
53857 23
53861 15
53881 22
53887 19
53891 17
53897 21
53899 15
53917 19
53923 20
53927 23
53939 22
53951 21
53959 23
53987 16
53993 19
54001 23
54011 21
54013 17
54037 21
54049 17
54059 21
54083 16
54091 16
54101 20
54121 15
54133 18
54139 22
54151 16
54163 22
54167 18
54181 21
54193 21
54217 22
54251 23
54269 18
54277 23
54287 21
54293 16
54311 15
54319 17
54323 21
54331 22
54347 19
54361 17
54367 22
54371 16
54377 17
54401 20
54403 20
54409 16
54413 18
54419 17
54421 19
54437 19
54443 20
54449 17
54469 23
54493 23
54497 18
54499 18
54503 18
54517 23
54521 22
54539 19
54541 20
54547 17
54559 17
54563 17
54577 21
54581 18
54583 22
54601 16
54617 23
54623 17
54629 21
54631 17
54647 20
54667 21
54673 15
54679 17
54709 22
54713 20
54721 17
54727 19
54751 19
54767 16
54773 21
54779 18
54787 21
54799 19
54829 19
54833 15
54851 16
54869 23
54877 18
54881 16
54907 19
54917 23
54919 17
54941 23
54949 17
54959 22
54973 20
54979 20
54983 15
55001 22
55009 20
55021 17
55049 21
55051 22
55057 20
55061 22
55073 18
55079 16
55103 15
55109 23
55117 16
55127 20
55147 16
55163 20
55171 23
55201 17
55207 16
55213 20
55217 22
55219 21
55229 15
55243 19
55249 15
55259 19
55291 18
55313 15
55331 19
55333 23
55337 17
55339 20
55343 22
55351 20
55373 20
55381 22
55399 18
55411 20
55439 23
55441 18
55457 22
55469 15
55487 21
55501 18
55511 18
55529 19
55541 15
55547 20
55579 17
55589 22
55603 22
55609 21
55619 19
55621 15
55631 18
55633 23
55639 20
55661 19
55663 20
55667 20
55673 19
55681 17
55691 21
55697 22
55711 19
55717 15
55721 15
55733 15
55763 22
55787 19
55793 15
55799 17
55807 15
55813 20
55817 19
55819 18
55823 21
55829 16
55837 16
55843 18
55849 23
55871 23
55889 20
55897 17
55901 23
55903 19
55921 15
55927 23
55931 15
55933 18
55949 19
55967 17
55987 23
55997 21
56003 18
56009 15
56039 15
56041 19
56053 22
56081 18
56087 17
56093 17
56099 23
56101 21
56113 21
56123 17
56131 18
56149 20
56167 15
56171 19
56179 17
56197 17
56207 23
56209 15
56237 16
56239 18
56249 18
56263 21
56267 20
56269 17
56299 22
56311 18
56333 23
56359 15
56369 15
56377 17
56383 18
56393 21
56401 23
56417 22
56431 16
56437 22
56443 19
56453 20
56467 18
56473 16
56477 16
56479 21
56489 17
56501 17
56503 16
56509 23
56519 20
56527 18
56531 16
56533 22
56543 20
56569 22
56591 23
56597 23
56599 23
56611 21
56629 19
56633 22
56659 15
56663 15
56671 17
56681 21
56687 21
56701 18
56711 15
56713 20
56731 17
56737 17
56747 17
56767 17
56773 17
56779 22
56783 19
56807 23
56809 16
56813 19
56821 17
56827 22
56843 19
56857 23
56873 20
56891 15
56893 17
56897 16
56909 19
56911 18
56921 17
56923 18
56929 19
56941 16
56951 22
56957 15
56963 22
56983 18
56989 21
56993 19
56999 18
57037 16
57041 21
57047 19
57059 21
57073 23
57077 22
57089 15
57097 15
57107 22
57119 20
57131 15
57139 20
57143 22
57149 21
57163 22
57173 20
57179 16
57191 23
57193 22
57203 22
57221 23
57223 15
57241 20
57251 17
57259 15
57269 17
57271 23
57283 21
57287 16
57301 17
57329 16
57331 15
57347 21
57349 18
57367 21
57373 19
57383 18
57389 23
57397 22
57413 16
57427 20
57457 18
57467 16
57487 19
57493 15
57503 21
57527 20
57529 20
57557 15
57559 18
57571 23
57587 15
57593 15
57601 17
57637 22
57641 18
57649 19
57653 19
57667 23
57679 17
57689 23
57697 18
57709 19
57713 16
57719 19
57727 17
57731 17
57737 16
57751 21
57773 23
57781 16
57787 15
57791 20
57793 15
57803 19
57809 23
57829 20
57839 19
57847 16
57853 20
57859 23
57881 22
57899 17
57901 20
57917 16
57923 17
57943 15
57947 20
57973 17
57977 17
57991 16
58013 20
58027 22
58031 23
58043 22
58049 18
58057 16
58061 18
58067 18
58073 23
58099 23
58109 16
58111 22
58129 19
58147 15
58151 21
58153 17
58169 16
58171 19
58189 19
58193 17
58199 17
58207 15
58211 15
58217 19
58229 22
58231 20
58237 21
58243 16
58271 22
58309 20
58313 23
58321 23
58337 20
58363 21
58367 17
58369 20
58379 15
58391 17
58393 20
58403 23
58411 18
58417 17
58427 22
58439 22
58441 21
58451 18
58453 22
58477 15
58481 16
58511 21
58537 23
58543 23
58549 18
58567 19
58573 15
58579 17
58601 20
58603 20
58613 21
58631 22
58657 17
58661 17
58679 19
58687 17
58693 22
58699 15
58711 22
58727 21
58733 19
58741 20
58757 18
58763 16
58771 20
58787 21
58789 22
58831 23
58889 18
58897 22
58901 23
58907 18
58909 20
58913 20
58921 18
58937 22
58943 15
58963 20
58967 23
58979 17
58991 18
58997 16
59009 18
59011 19
59021 17
59023 20
59029 23
59051 20
59053 22
59063 19
59069 16
59077 15
59083 19
59093 18
59107 22
59113 16
59119 18
59123 18
59141 20
59149 16
59159 23
59167 20
59183 17
59197 18
59207 19
59209 17
59219 15
59221 23
59233 21
59239 22
59243 16
59263 19
59273 23
59281 15
59333 15
59341 22
59351 15
59357 20
59359 20
59369 22
59377 22
59387 20
59393 18
59399 18
59407 20
59417 15
59419 22
59441 16
59443 21
59447 18
59453 16
59467 21
59471 22
59473 22
59497 15
59509 15
59513 15
59539 21
59557 20
59561 15
59567 19
59581 17
59611 17
59617 16
59621 16
59627 23
59629 17
59651 15
59659 20
59663 16
59669 17
59671 17
59693 15
59699 23
59707 20
59723 15
59729 21
59743 18
59747 22
59753 16
59771 19
59779 16
59791 17
59797 23
59809 23
59833 19
59863 17
59879 17
59887 21
59921 23
59929 19
59951 18
59957 16
59971 16
59981 20
59999 22
60013 21
60017 18
60029 22
60037 23
60041 15
60077 15
60083 18
60089 19
60091 21
60101 15
60103 21
60107 15
60127 15
60133 23
60139 20
60149 17
60161 21
60167 23
60169 19
60209 19
60217 23
60223 18
60251 17
60257 16
60259 15
60271 19
60289 18
60293 21
60317 23
60331 17
60337 21
60343 16
60353 15
60373 23
60383 15
60397 22
60413 18
60427 16
60443 22
60449 19
60457 18
60493 15
60497 15
60509 19
60521 16
60527 23
60539 18
60589 18
60601 16
60607 17
60611 20
60617 19
60623 15
60631 15
60637 23
60647 18
60649 22
60659 20
60661 16
60679 21
60689 15
60703 20
60719 17
60727 22
60733 15
60737 23
60757 23
60761 23
60763 21
60773 23
60779 23
60793 16
60811 16
60821 18
60859 18
60869 22
60887 20
60889 19
60899 23
60901 18
60913 15
60917 21
60919 21
60923 19
60937 15
60943 21
60953 21
60961 15
61001 23
61007 19
61027 23
61031 23
61043 22
61051 16
61057 16
61091 20
61099 19
61121 16
61129 15
61141 23
61151 22
61153 21
61169 20
61211 22
61223 21
61231 19
61253 20
61261 22
61283 19
61291 20
61297 16
61331 21
61333 21
61339 19
61343 23
61357 18
61363 22
61379 23
61381 16
61403 20
61409 20
61417 15
61441 22
61463 15
61469 23
61471 17
61483 17
61487 18
61493 23
61507 17
61511 17
61519 22
61543 15
61547 17
61553 15
61559 22
61561 20
61583 20
61603 22
61609 15
61613 21
61627 16
61631 16
61637 19
61643 18
61651 18
61657 23
61667 22
61673 19
61681 22
61687 19
61703 22
61717 17
61723 19
61729 22
61751 21
61757 17
61781 19
61813 20
61819 19
61837 18
61843 15
61861 16
61871 21
61879 17
61909 16
61927 23
61933 15
61949 22
61961 21
61967 22
61979 18
61981 17
61987 15
61991 19
62003 22
62011 18
62017 21
62039 23
62047 21
62053 15
62057 21
62071 19
62081 21
62099 19
62119 16
62129 21
62131 16
62137 17
62141 18
62143 17
62171 17
62189 18
62191 19
62201 19
62207 20
62213 17
62219 16
62233 20
62273 17
62297 15
62299 18
62303 19
62311 19
62323 16
62327 18
62347 17
62351 20
62383 23
62401 19
62417 23
62423 22
62459 18
62467 19
62473 20
62477 17
62483 15
62497 23
62501 22
62507 18
62533 17
62539 18
62549 20
62563 22
62581 17
62591 18
62597 16
62603 21
62617 21
62627 19
62633 15
62639 18
62653 21
62659 17
62683 18
62687 23
62701 16
62723 18
62731 17
62743 23
62753 17
62761 23
62773 23
62791 18
62801 22
62819 19
62827 17
62851 20
62861 17
62869 21
62873 20
62897 18
62903 22
62921 20
62927 23
62929 20
62939 23
62969 19
62971 21
62981 22
62983 17
62987 19
62989 16
63029 18
63031 19
63059 20
63067 15
63073 18
63079 20
63097 24
63103 18
63113 19
63127 16
63131 22
63149 15
63179 14
63197 24
63199 22
63211 23
63241 22
63247 16
63277 23
63281 14
63299 14
63311 15
63313 17
63317 19
63331 16
63337 20
63347 18
63353 17
63361 20
63367 24
63377 15
63389 17
63391 24
63397 21
63409 22
63419 21
63421 14
63439 22
63443 17
63463 17
63467 19
63473 16
63487 21
63493 14
63499 21
63521 19
63527 16
63533 24
63541 21
63559 24
63577 20
63587 19
63589 17
63599 18
63601 15
63607 15
63611 21
63617 19
63629 17
63647 16
63649 22
63659 21
63667 18
63671 24
63689 20
63691 20
63697 14
63703 18
63709 16
63719 17
63727 21
63737 18
63743 14
63761 20
63773 24
63781 24
63793 20
63799 16
63803 14
63809 18
63823 20
63839 19
63841 21
63853 20
63857 16
63863 19
63901 18
63907 21
63913 20
63929 23
63949 19
63977 20
63997 19
64007 14
64013 24
64019 24
64033 17
64037 24
64063 19
64067 23
64081 24
64091 24
64109 20
64123 20
64151 15
64153 20
64157 16
64171 20
64187 17
64189 16
64217 16
64223 21
64231 24
64237 15
64271 15
64279 16
64283 21
64301 17
64303 16
64319 21
64327 15
64333 16
64373 14
64381 15
64399 14
64403 20
64433 22
64439 23
64451 22
64453 16
64483 15
64489 14
64499 23
64513 17
64553 15
64567 22
64577 23
64579 17
64591 21
64601 21
64609 18
64613 24
64621 23
64627 20
64633 14
64661 22
64663 20
64667 15
64679 20
64693 21
64709 19
64717 24
64747 17
64763 21
64781 19
64783 15
64793 18
64811 16
64817 15
64849 22
64853 15
64871 22
64877 14
64879 21
64891 22
64901 18
64919 15
64921 20
64927 17
64937 14
64951 17
64969 17
64997 19
65003 24
65011 21
65027 16
65029 20
65033 22
65053 16
65063 17
65071 20
65089 18
65099 16
65101 18
65111 24
65119 16
65123 14
65129 21
65141 24
65147 18
65167 23
65171 18
65173 20
65179 20
65183 15
65203 23
65213 17
65239 18
65257 14
65267 14
65269 16
65287 24
65293 22
65309 22
65323 16
65327 16
65353 23
65357 22
65371 22
65381 18
65393 20
65407 17
65413 15
65419 16
65423 21
65437 17
65447 15
65449 21
65479 14
65497 21
65519 21
65521 15
65537 15
65539 16
65543 23
65551 23
65557 19
65563 16
65579 17
65581 16
65587 18
65599 20
65609 18
65617 21
65629 24
65633 22
65647 20
65651 20
65657 24
65677 21
65687 19
65699 14
65701 17
65707 23
65713 14
65717 16
65719 21
65729 15
65731 21
65761 15
65777 23
65789 17
65809 23
65827 18
65831 16
65837 23
65839 23
65843 24
65851 22
65867 19
65881 19
65899 22
65921 15
65927 20
65929 16
65951 23
65957 14
65963 17
65981 16
65983 19
65993 23
66029 22
66037 20
66041 16
66047 20
66067 16
66071 18
66083 22
66089 20
66103 19
66107 20
66109 18
66137 14
66161 22
66169 17
66173 18
66179 23
66191 16
66221 17
66239 23
66271 18
66293 22
66301 16
66337 14
66343 19
66347 21
66359 24
66361 22
66373 21
66377 14
66383 14
66403 23
66413 23
66431 19
66449 23
66457 18
66463 22
66467 15
66491 14
66499 19
66509 15
66523 22
66529 17
66533 22
66541 21
66553 22
66569 24
66571 18
66587 17
66593 15
66601 21
66617 19
66629 18
66643 22
66653 21
66683 20
66697 19
66701 17
66713 21
66721 15
66733 21
66739 24
66749 14
66751 15
66763 17
66791 14
66797 19
66809 14
66821 17
66841 17
66851 20
66853 18
66863 21
66877 19
66883 16
66889 14
66919 24
66923 24
66931 24
66943 20
66947 14
66949 23
66959 21
66973 17
66977 22
67003 18
67021 18
67033 17
67043 21
67049 19
67057 22
67061 23
67073 14
67079 16
67103 22
67121 16
67129 20
67139 19
67141 15
67153 20
67157 14
67169 18
67181 20
67187 23
67189 21
67211 24
67213 23
67217 23
67219 21
67231 22
67247 15
67261 15
67271 15
67273 15
67289 21
67307 17
67339 14
67343 20
67349 16
67369 23
67391 23
67399 15
67409 17
67411 21
67421 17
67427 23
67429 16
67433 20
67447 20
67453 18
67477 19
67481 24
67489 16
67493 17
67499 19
67511 20
67523 20
67531 15
67537 18
67547 15
67559 16
67567 24
67577 16
67579 19
67589 23
67601 24
67607 17
67619 15
67631 19
67651 17
67679 18
67699 20
67709 20
67723 15
67733 21
67741 18
67751 23
67757 23
67759 15
67763 23
67777 14
67783 18
67789 21
67801 21
67807 22
67819 21
67829 22
67843 20
67853 16
67867 20
67883 22
67891 24
67901 20
67927 23
67931 17
67933 14
67939 21
67943 20
67957 21
67961 24
67967 22
67979 24
67987 18
67993 17
68023 22
68041 18
68053 16
68059 18
68071 19
68087 22
68099 19
68111 19
68113 22
68141 24
68147 19
68161 18
68171 21
68207 16
68209 16
68213 17
68219 21
68227 19
68239 16
68261 21
68279 23
68281 19
68311 18
68329 22
68351 20
68371 18
68389 24
68399 15
68437 22
68443 15
68447 21
68449 21
68473 18
68477 22
68483 19
68489 20
68491 19
68501 16
68507 14
68521 21
68531 19
68539 24
68543 21
68567 18
68581 21
68597 18
68611 23
68633 24
68639 14
68659 16
68669 18
68683 24
68687 21
68699 14
68711 14
68713 16
68729 16
68737 24
68743 16
68749 24
68767 22
68771 17
68777 16
68791 15
68813 14
68819 15
68821 16
68863 20
68879 24
68881 24
68891 14
68897 22
68899 23
68903 20
68909 23
68917 24
68927 20
68947 17
68963 24
68993 18
69001 20
69011 24
69019 15
69029 16
69031 23
69061 14
69067 18
69073 14
69109 19
69119 17
69127 17
69143 18
69149 15
69151 20
69163 17
69191 20
69193 19
69197 17
69203 23
69221 19
69233 17
69239 15
69247 24
69257 17
69259 19
69263 21
69313 16
69317 19
69337 23
69341 18
69371 19
69379 16
69383 22
69389 15
69401 15
69403 23
69427 21
69431 24
69439 24
69457 19
69463 14
69467 22
69473 20
69481 19
69491 15
69493 14
69497 19
69499 15
69539 20
69557 17
69593 23
69623 21
69653 14
69661 17
69677 15
69691 18
69697 20
69709 19
69737 15
69739 22
69761 22
69763 23
69767 22
69779 24
69809 16
69821 15
69827 16
69829 24
69833 16
69847 15
69857 24
69859 22
69877 21
69899 18
69911 22
69929 20
69931 15
69941 23
69959 17
69991 24
69997 22
70001 20
70003 19
70009 15
70019 20
70039 21
70051 19
70061 15
70067 16
70079 24
70099 17
70111 19
70117 24
70121 14
70123 24
70139 22
70141 23
70157 22
70163 23
70177 19
70181 14
70183 21
70199 22
70201 17
70207 16
70223 23
70229 21
70237 24
70241 14
70249 16
70271 21
70289 22
70297 19
70309 23
70313 21
70321 21
70327 21
70351 18
70373 20
70379 14
70381 22
70393 24
70423 16
70429 19
70439 18
70451 15
70457 19
70459 16
70481 19
70487 16
70489 19
70501 17
70507 21
70529 16
70537 18
70549 20
70571 22
70573 15
70583 17
70589 18
70607 14
70619 17
70621 22
70627 20
70639 24
70657 19
70663 22
70667 20
70687 23
70709 21
70717 14
70729 23
70753 24
70769 19
70783 24
70793 24
70823 19
70841 21
70843 17
70849 24
70853 21
70867 20
70877 14
70879 24
70891 17
70901 23
70913 19
70919 20
70921 14
70937 21
70949 19
70951 15
70957 15
70969 22
70979 19
70981 17
70991 22
70997 15
70999 23
71011 15
71023 19
71039 21
71059 17
71069 20
71081 23
71089 23
71119 16
71129 17
71143 16
71147 22
71153 17
71161 16
71167 16
71171 23
71191 23
71209 15
71233 22
71237 23
71249 20
71257 15
71261 14
71263 19
71287 17
71293 14
71317 14
71327 20
71329 14
71333 18
71339 24
71341 16
71347 17
71353 17
71359 18
71363 21
71387 20
71389 14
71399 24
71411 23
71413 22
71419 17
71429 23
71437 21
71443 23
71453 23
71471 15
71473 23
71479 18
71483 20
71503 21
71527 18
71537 18
71549 14
71551 18
71563 23
71569 15
71593 22
71597 15
71633 24
71647 17
71663 20
71671 16
71693 22
71699 18
71707 16
71711 19
71713 22
71719 21
71741 23
71761 19
71777 15
71789 17
71807 18
71809 21
71821 24
71837 16
71843 22
71849 16
71861 23
71867 22
71879 23
71881 20
71887 17
71899 14
71909 16
71917 22
71933 14
71941 24
71947 20
71963 24
71971 20
71983 19
71987 21
71993 24
71999 24
72019 20
72031 20
72043 18
72047 18
72053 21
72073 23
72077 17
72089 15
72091 19
72101 15
72103 20
72109 14
72139 15
72161 23
72167 16
72169 22
72173 20
72211 22
72221 24
72223 22
72227 14
72229 24
72251 15
72253 20
72269 20
72271 23
72277 23
72287 17
72307 20
72313 19
72337 22
72341 21
72353 17
72367 15
72379 14
72383 21
72421 17
72431 22
72461 19
72467 18
72469 22
72481 19
72493 23
72497 17
72503 23
72533 21
72547 15
72551 22
72559 21
72577 15
72613 15
72617 15
72623 24
72643 18
72647 14
72649 23
72661 24
72671 21
72673 22
72679 20
72689 18
72701 23
72707 16
72719 22
72727 14
72733 16
72739 14
72763 24
72767 16
72797 19
72817 15
72823 21
72859 15
72869 24
72871 14
72883 18
72889 17
72893 24
72901 20
72907 21
72911 14
72923 18
72931 19
72937 20
72949 21
72953 16
72959 20
72973 19
72977 17
72997 15
73009 21
73013 15
73019 22
73037 19
73039 14
73043 24
73061 24
73063 24
73079 15
73091 22
73121 22
73127 15
73133 15
73141 17
73181 15
73189 22
73237 14
73243 15
73259 18
73277 24
73291 21
73303 16
73309 17
73327 22
73331 19
73351 20
73361 24
73363 19
73369 16
73379 17
73387 17
73417 19
73421 18
73433 23
73453 20
73459 14
73471 18
73477 23
73483 23
73517 15
73523 23
73529 24
73547 18
73553 19
73561 24
73571 23
73583 14
73589 18
73597 20
73607 19
73609 16
73613 15
73637 22
73643 22
73651 24
73673 23
73679 21
73681 21
73693 22
73699 24
73709 15
73721 18
73727 17
73751 21
73757 22
73771 19
73783 21
73819 24
73823 16
73847 17
73849 16
73859 24
73867 16
73877 20
73883 17
73897 20
73907 18
73939 16
73943 22
73951 18
73961 16
73973 22
73999 14
74017 19
74021 15
74027 19
74047 19
74051 15
74071 21
74077 20
74093 22
74099 17
74101 19
74131 14
74143 19
74149 17
74159 21
74161 18
74167 15
74177 19
74189 20
74197 22
74201 24
74203 18
74209 17
74219 15
74231 23
74257 23
74279 14
74287 24
74293 19
74297 17
74311 14
74317 21
74323 18
74353 20
74357 16
74363 16
74377 24
74381 14
74383 23
74411 18
74413 21
74419 15
74441 21
74449 19
74453 15
74471 15
74489 23
74507 20
74509 22
74521 17
74527 20
74531 16
74551 20
74561 20
74567 17
74573 16
74587 18
74597 22
74609 15
74611 21
74623 16
74653 16
74687 19
74699 22
74707 19
74713 21
74717 21
74719 15
74729 17
74731 14
74747 14
74759 20
74761 22
74771 22
74779 14
74797 16
74821 22
74827 17
74831 20
74843 19
74857 18
74861 18
74869 18
74873 23
74887 20
74891 23
74897 22
74903 24
74923 19
74929 14
74933 23
74941 22
74959 24
75011 20
75013 16
75017 22
75029 19
75037 20
75041 17
75079 20
75083 14
75109 14
75133 23
75149 22
75161 15
75167 24
75169 14
75181 14
75193 23
75209 20
75211 16
75217 15
75223 23
75227 17
75239 16
75253 14
75269 20
75277 16
75289 16
75307 18
75323 16
75329 17
75337 15
75347 19
75353 15
75367 23
75377 17
75389 20
75391 22
75401 19
75403 21
75407 14
75431 20
75437 18
75479 22
75503 20
75511 15
75521 19
75527 21
75533 20
75539 24
75541 17
75553 19
75557 22
75571 22
75577 19
75583 15
75611 20
75617 16
75619 22
75629 24
75641 24
75653 17
75659 15
75679 20
75683 20
75689 16
75703 23
75707 22
75709 15
75721 24
75731 17
75743 19
75767 20
75773 21
75781 22
75787 18
75793 24
75797 24
75821 15
75833 14
75853 14
75869 21
75883 19
75913 18
75931 14
75937 22
75941 21
75967 22
75979 19
75983 17
75989 15
75991 16
75997 21
76001 16
76003 21
76031 16
76039 20
76079 19
76081 15
76091 19
76099 22
76103 24
76123 15
76129 14
76147 16
76157 17
76159 15
76163 18
76207 22
76213 23
76231 20
76243 19
76249 22
76253 20
76259 24
76261 21
76283 20
76289 24
76303 21
76333 18
76343 17
76367 23
76369 14
76379 19
76387 17
76403 16
76421 17
76423 18
76441 21
76463 16
76471 24
76481 16
76487 15
76493 20
76507 15
76511 16
76519 15
76537 23
76541 19
76543 22
76561 21
76579 18
76597 21
76603 21
76607 21
76631 19
76649 20
76651 18
76667 18
76673 15
76679 18
76697 20
76717 14
76733 20
76753 20
76757 16
76771 21
76777 22
76781 24
76801 14
76819 22
76829 15
76831 15
76837 23
76847 23
76871 15
76873 17
76883 20
76907 22
76913 19
76919 24
76943 15
76949 21
76961 17
76963 18
76991 19
77003 15
77017 24
77023 15
77029 24
77041 23
77047 22
77069 17
77081 15
77093 23
77101 15
77137 16
77141 18
77153 14
77167 16
77171 21
77191 22
77201 18
77213 22
77237 15
77239 19
77243 14
77249 14
77261 16
77263 18
77267 19
77269 19
77279 21
77291 22
77317 16
77323 22
77339 14
77347 23
77351 22
77359 24
77369 18
77377 17
77383 24
77417 15
77419 15
77431 19
77447 15
77471 16
77477 20
77479 21
77489 20
77491 23
77509 16
77513 14
77521 17
77527 18
77543 19
77549 21
77551 14
77557 17
77563 24
77569 14
77573 22
77587 23
77591 16
77611 21
77617 17
77621 24
77641 24
77647 23
77659 21
77681 19
77687 24
77689 24
77699 23
77711 18
77713 16
77719 21
77723 15
77731 14
77743 14
77747 16
77761 21
77773 14
77783 22
77797 14
77801 14
77813 20
77839 17
77849 21
77863 22
77867 15
77893 18
77899 18
77929 16
77933 21
77951 16
77969 18
77977 18
77983 22
77999 22
78007 20
78017 18
78031 24
78041 19
78049 16
78059 19
78079 19
78101 24
78121 18
78137 22
78139 18
78157 20
78163 23
78167 22
78173 24
78179 22
78191 16
78193 14
78203 14
78229 14
78233 20
78241 14
78259 20
78277 15
78283 14
78301 17
78307 18
78311 17
78317 17
78341 19
78347 22
78367 19
78401 24
78427 20
78437 20
78439 21
78467 19
78479 21
78487 23
78497 23
78509 19
78511 21
78517 14
78539 16
78541 22
78553 16
78569 23
78571 22
78577 23
78583 23
78593 18
78607 15
78623 15
78643 23
78649 21
78653 20
78691 19
78697 23
78707 19
78713 18
78721 14
78737 20
78779 14
78781 15
78787 21
78791 24
78797 24
78803 17
78809 18
78823 16
78839 16
78853 20
78857 23
78877 16
78887 15
78889 18
78893 19
78901 16
78919 24
78929 17
78941 14
78977 20
78979 24
78989 23
79031 24
79039 19
79043 19
79063 18
79087 21
79103 16
79111 20
79133 24
79139 21
79147 18
79151 15
79153 17
79159 19
79181 16
79187 17
79193 21
79201 20
79229 24
79231 14
79241 19
79259 20
79273 16
79279 24
79283 23
79301 20
79309 19
79319 20
79333 14
79337 19
79349 17
79357 18
79367 21
79379 24
79393 24
79397 14
79399 21
79411 21
79423 16
79427 19
79433 24
79451 21
79481 21
79493 18
79531 23
79537 15
79549 20
79559 17
79561 20
79579 18
79589 15
79601 19
79609 14
79613 16
79621 24
79627 15
79631 24
79633 21
79657 18
79669 18
79687 14
79691 22
79693 22
79697 21
79699 20
79757 23
79769 20
79777 19
79801 23
79811 17
79813 20
79817 20
79823 18
79829 14
79841 24
79843 24
79847 16
79861 24
79867 14
79873 24
79889 22
79901 18
79903 20
79907 19
79939 19
79943 22
79967 19
79973 22
79979 23
79987 24
79997 20
79999 18
80021 23
80039 24
80051 24
80071 19
80077 21
80107 18
80111 14
80141 14
80147 21
80149 19
80153 20
80167 17
80173 24
80177 17
80191 14
80207 21
80209 18
80221 15
80231 18
80233 21
80239 20
80251 19
80263 21
80273 17
80279 22
80287 19
80309 21
80317 16
80329 18
80341 18
80347 20
80363 18
80369 21
80387 15
80407 17
80429 18
80447 16
80449 24
80471 20
80473 15
80489 15
80491 18
80513 21
80527 22
80537 17
80557 17
80567 24
80599 23
80603 20
80611 19
80621 22
80627 23
80629 14
80651 18
80657 21
80669 18
80671 18
80677 21
80681 23
80683 16
80687 24
80701 17
80713 17
80737 14
80747 22
80749 24
80761 17
80777 23
80779 24
80783 19
80789 23
80803 19
80809 22
80819 22
80831 24
80833 20
80849 24
80863 23
80897 24
80909 23
80911 17
80917 24
80923 20
80929 22
80933 19
80953 18
80963 16
80989 18
81001 22
81013 14
81017 21
81019 24
81023 20
81031 21
81041 14
81043 16
81047 21
81049 24
81071 24
81077 24
81083 17
81097 24
81101 17
81119 16
81131 15
81157 19
81163 21
81173 15
81181 17
81197 21
81199 22
81203 23
81223 20
81233 22
81239 18
81281 15
81283 14
81293 16
81299 17
81307 14
81331 17
81343 21
81349 16
81353 17
81359 24
81371 17
81373 15
81401 22
81409 23
81421 24
81439 18
81457 14
81463 20
81509 18
81517 16
81527 17
81533 14
81547 18
81551 15
81553 17
81559 19
81563 15
81569 23
81611 23
81619 21
81629 19
81637 17
81647 22
81649 22
81667 18
81671 15
81677 16
81689 20
81701 24
81703 17
81707 15
81727 17
81737 21
81749 23
81761 21
81769 19
81773 17
81799 17
