1024
2 11
4 4
8 4
16 3
32 2
64 2
128 2
256 2
512 2
1024 2
2048 1
4096 2
8192 1
16384 2
32768 1
65536 2
131072 1
262144 1
524288 1
1048576 2
2097152 1
4194304 1
8388608 1
16777216 1
33554432 1
67108864 1
134217728 1
268435456 1
536870912 1
1073741824 1
2147483648 1
4294967296 1
8589934592 1
17179869184 1
34359738368 1
68719476736 1
137438953472 1
549755813888 1
1099511627776 1
2199023255552 1
4398046511104 1
8796093022208 1
35184372088832 1
70368744177664 1
140737488355328 1
562949953421312 1
1125899906842624 1
2251799813685248 1
9007199254740992 1
18014398509481984 1
36028797018963968 1
144115188075855872 1
288230376151711744 1
1152921504606846976 1
2305843009213693952 1
9223372036854775808 1
18446744073709551616 1
73786976294838206464 1
147573952589676412928 1
590295810358705651712 1
1180591620717411303424 1
4722366482869645213696 1
9444732965739290427392 1
37778931862957161709568 1
151115727451828646838272 1
302231454903657293676544 1
1208925819614629174706176 1
4835703278458516698824704 1
19342813113834066795298816 1
38685626227668133590597632 1
154742504910672534362390528 1
618970019642690137449562112 1
2475880078570760549798248448 1
4951760157141521099596496896 1
19807040628566084398385987584 1
79228162514264337593543950336 1
316912650057057350374175801344 1
1267650600228229401496703205376 1
