416937371910569386763107228175298012950264490815558286992518
2 2
3 1
5 3
7 5
11 5
13 2
17 5
19 6
23 5
29 6
31 6
37 6
41 7
43 8
47 4
53 9
59 7
61 4
67 9
71 10
73 8
79 9
83 6
89 9
97 7
101 11
103 8
107 11
109 5
113 8
127 6
131 7
137 5
139 7
149 8
151 9
157 8
163 9
167 9
173 11
179 11
181 11
191 12
193 6
197 9
199 10
211 8
223 6
227 7
229 8
233 7
239 7
241 10
251 10
257 10
263 7
269 7
271 11
277 7
281 13
283 9
293 10
307 12
311 7
313 13
317 8
331 7
337 8
347 7
349 7
353 10
359 8
367 8
373 8
379 11
383 13
389 12
397 13
401 11
409 10
419 14
421 13
431 10
433 14
439 11
443 14
449 12
457 11
461 14
463 10
467 14
479 13
487 13
491 13
499 14
503 13
509 10
521 14
523 9
541 8
547 12
557 11
563 14
569 13
571 10
577 10
587 10
593 10
599 9
601 11
607 14
613 13
617 14
619 8
631 9
641 14
643 10
647 13
653 13
659 13
661 14
673 13
677 14
683 14
691 12
701 15
709 12
719 12
727 10
733 15
739 9
743 9
751 13
757 13
761 15
769 14
773 15
787 14
797 11
809 9
811 11
821 13
823 9
827 12
829 13
839 12
853 11
857 10
859 14
863 12
877 13
881 14
883 14
887 9
907 14
911 11
919 13
929 12
937 14
941 12
947 11
953 13
967 10
971 11
977 12
983 10
991 12
997 14
1009 12
1013 15
1019 9
1021 14
1031 8
1033 8
1039 10
1049 9
1051 9
1061 9
1063 11
1069 8
1087 14
1091 9
1093 8
1097 15
1103 13
1109 10
1117 11
1123 11
1129 13
1151 15
1153 14
1163 15
1171 13
1181 7
1187 15
1193 13
1201 14
1213 15
1217 14
1223 12
1229 8
1231 12
1237 8
1249 8
1259 11
1277 11
1279 9
1283 7
1289 13
1291 10
1297 9
1301 14
1303 8
1307 15
1319 15
1321 15
1327 9
1361 7
1367 14
1373 13
1381 13
1399 10
1409 9
1423 8
1427 12
1429 7
1433 10
1439 12
1447 10
1451 7
1453 15
1459 11
1471 11
1481 14
1483 13
1487 14
1489 12
1493 15
1499 12
1511 11
1523 11
1531 11
1543 10
1549 9
1553 12
1559 8
1567 15
1571 7
1579 11
1583 10
1597 16
1601 8
1607 8
1609 9
1613 15
1619 13
1621 9
1627 12
1637 10
1657 14
1663 15
1667 12
1669 12
1693 12
1697 11
1699 16
1709 11
1721 14
1723 16
1733 14
1741 9
1747 8
1753 9
1759 14
1777 13
1783 15
1787 9
1789 9
1801 12
1811 13
1823 13
1831 12
1847 14
1861 10
1867 16
1871 16
1873 11
1877 16
1879 15
1889 8
1901 11
1907 16
1913 11
1931 8
1933 16
1949 8
1951 9
1973 8
1979 16
1987 15
1993 13
1997 13
1999 9
2003 15
2011 9
2017 10
2027 10
2029 10
2039 11
2053 16
2063 14
2069 11
2081 9
2083 13
2087 8
2089 8
2099 13
2111 15
2113 11
2129 13
2131 9
2137 16
2141 8
2143 9
2153 12
2161 13
2179 12
2203 15
2207 10
2213 16
2221 8
2237 11
2239 12
2243 12
2251 16
2267 11
2269 15
2273 8
2281 10
2287 8
2293 9
2297 12
2309 16
2311 8
2333 15
2339 10
2341 14
2347 12
2351 15
2357 15
2371 10
2377 15
2381 14
2383 8
2389 13
2393 16
2399 11
2411 8
2417 10
2423 13
2437 15
2441 15
2447 13
2459 12
2467 11
2473 8
2477 8
2503 14
2521 13
2531 16
2539 12
2543 15
2549 9
2551 10
2557 15
2579 16
2591 12
2593 15
2609 17
2617 16
2621 12
2633 16
2647 10
2657 17
2659 15
2663 16
2671 14
2677 14
2683 16
2687 16
2689 10
2693 10
2699 10
2707 12
2711 15
2713 12
2719 11
2729 15
2731 17
2741 14
2749 16
2753 9
2767 12
2777 15
2789 16
2791 12
2797 13
2801 16
2803 15
2819 17
2833 16
2837 14
2843 17
2851 9
2857 13
2861 9
2879 16
2887 13
2897 10
2903 16
2909 14
2917 15
2927 13
2939 13
2953 17
2957 14
2963 14
2969 17
2971 14
2999 13
3001 9
3011 9
3019 14
3023 9
3037 15
3041 15
3049 13
3061 13
3067 11
3079 11
3083 12
3089 17
3109 13
3119 17
3121 11
3137 9
3163 12
3167 9
3169 15
3181 12
3187 17
3191 16
3203 16
3209 12
3217 13
3221 13
3229 9
3251 9
3253 10
3257 16
3259 16
3271 10
3299 17
3301 16
3307 13
3313 9
3319 12
3323 13
3329 12
3331 17
3343 14
3347 15
3359 11
3361 17
3371 13
3373 17
3389 15
3391 16
3407 14
3413 9
3433 15
3449 12
3457 11
3461 15
3463 11
3467 13
3469 11
3491 16
3499 12
3511 14
3517 14
3527 16
3529 9
3533 16
3539 14
3541 13
3547 17
3557 15
3559 15
3571 11
3581 12
3583 17
3593 9
3607 12
3613 10
3617 15
3623 9
3631 13
3637 12
3643 10
3659 11
3671 11
3673 13
3677 13
3691 12
3697 12
3701 15
3709 16
3719 9
3727 14
3733 17
3739 9
3761 10
3767 15
3769 16
3779 12
3793 16
3797 17
3803 11
3821 15
3823 12
3833 15
3847 15
3851 12
3853 12
3863 10
3877 15
3881 14
3889 9
3907 14
3911 12
3917 17
3919 11
3923 9
3929 16
3931 9
3943 10
3947 10
3967 16
3989 10
4001 12
4003 14
4007 17
4013 16
4019 16
4021 15
4027 11
4049 12
4051 16
4057 12
4073 15
4079 15
4091 15
4093 17
4099 18
4111 13
4127 16
4129 11
4133 14
4139 16
4153 10
4157 18
4159 14
4177 14
4201 10
4211 14
4217 13
4219 13
4229 15
4231 10
4241 17
4243 15
4253 14
4259 13
4261 11
4271 18
4273 14
4283 18
4289 18
4297 12
4327 13
4337 17
4339 10
4349 16
4357 10
4363 16
4373 12
4391 18
4397 14
4409 17
4421 17
4423 16
4441 15
4447 17
4451 11
4457 10
4463 17
4481 16
4483 11
4493 17
4507 10
4513 10
4517 13
4519 17
4523 18
4547 17
4549 17
4561 14
4567 11
4583 17
4591 12
4597 13
4603 16
4621 14
4637 13
4639 10
4643 17
4649 12
4651 18
4657 15
4663 11
4673 16
4679 17
4691 17
4703 11
4721 17
4723 11
4729 15
4733 12
4751 12
4759 16
4783 18
4787 16
4789 11
4793 18
4799 16
4801 10
4813 13
4817 18
4831 11
4861 14
4871 18
4877 14
4889 18
4903 18
4909 17
4919 17
4931 10
4933 10
4937 15
4943 18
4951 11
4957 11
4967 11
4969 14
4973 15
4987 18
4993 16
4999 15
5003 11
5009 16
5011 17
5021 15
5023 15
5039 17
5051 13
5059 17
5077 10
5081 12
5087 13
5099 14
5101 15
5107 12
5113 12
5119 15
5147 14
5153 15
5167 12
5171 11
5179 13
5189 13
5197 16
5209 12
5227 16
5231 12
5233 17
5237 12
5261 18
5273 10
5279 17
5281 11
5297 13
5303 16
5309 13
5323 16
5333 15
5347 15
5351 17
5381 15
5387 10
5393 18
5399 13
5407 13
5413 14
5417 18
5419 12
5431 12
5437 13
5441 15
5443 10
5449 10
5471 17
5477 12
5479 17
5483 14
5501 13
5503 10
5507 12
5519 10
5521 10
5527 18
5531 14
5557 17
5563 17
5569 13
5573 11
5581 11
5591 11
5623 15
5639 16
5641 15
5647 15
5651 13
5653 10
5657 17
5659 17
5669 15
5683 17
5689 13
5693 18
5701 13
5711 10
5717 17
5737 13
5741 18
5743 11
5749 15
5779 14
5783 11
5791 17
5801 14
5807 16
5813 11
5821 16
5827 11
5839 13
5843 17
5849 14
5851 11
5857 12
5861 14
5867 16
5869 14
5879 15
5881 12
5897 12
5903 17
5923 17
5927 13
5939 13
5953 13
5981 16
5987 13
6007 13
6011 16
6029 18
6037 17
6043 13
6047 11
6053 13
6067 13
6073 13
6079 13
6089 14
6091 18
6101 11
6113 18
6121 12
6131 16
6133 10
6143 17
6151 11
6163 12
6173 14
6197 17
6199 13
6203 14
6211 17
6217 17
6221 16
6229 11
6247 13
6257 17
6263 11
6269 11
6271 17
6277 13
6287 14
6299 14
6301 10
6311 11
6317 13
6323 18
6329 12
6337 15
6343 19
6353 16
6359 13
6361 18
6367 12
6373 16
6379 12
6389 11
6397 13
6421 17
6427 12
6449 17
6451 12
6469 17
6473 16
6481 12
6491 18
6521 11
6529 13
6547 18
6551 14
6553 17
6563 16
6569 16
6571 16
6577 18
6581 17
6599 17
6607 13
6619 12
6637 11
6653 17
6659 12
6661 12
6673 12
6679 18
6689 16
6691 17
6701 12
6703 12
6709 13
6719 18
6733 12
6737 19
6761 17
6763 18
6779 16
6781 13
6791 14
6793 13
6803 12
6823 12
6827 18
6829 17
6833 12
6841 14
6857 18
6863 18
6869 19
6871 12
6883 12
6899 16
6907 17
6911 12
6917 15
6947 18
6949 16
6959 19
6961 18
6967 19
6971 16
6977 19
6983 17
6991 14
6997 13
7001 13
7013 15
7019 13
7027 18
7039 12
7043 16
7057 14
7069 18
7079 12
7103 19
7109 11
7121 14
7127 12
7129 17
7151 15
7159 18
7177 15
7187 18
7193 18
7207 11
7211 15
7213 17
7219 15
7229 19
7237 11
7243 15
7247 17
7253 11
7283 17
7297 11
7307 12
7309 15
7321 13
7331 18
7333 18
7349 16
7351 14
7369 16
7393 13
7411 18
7417 18
7433 19
7451 15
7457 14
7459 18
7477 14
7481 19
7487 16
7489 19
7499 18
7507 11
7517 11
7523 14
7529 13
7537 16
7541 14
7547 18
7549 12
7559 14
7561 14
7573 12
7577 15
7583 15
7589 11
7591 17
7603 15
7607 13
7621 12
7639 13
7643 12
7649 14
7669 19
7673 16
7681 12
7687 13
7691 12
7699 13
7703 14
7717 12
7723 19
7727 12
7741 15
7753 13
7757 19
7759 12
7789 14
7793 18
7817 17
7823 18
7829 13
7841 12
7853 17
7867 12
7873 16
7877 18
7879 14
7883 19
7901 16
7907 16
7919 19
7927 18
7933 19
7937 14
7949 11
7951 14
7963 15
7993 19
8009 13
8011 15
8017 17
8039 17
8053 12
8059 19
8069 13
8081 15
8087 15
8089 14
8093 16
8101 13
8111 12
8117 16
8123 15
8147 12
8161 17
8167 13
8171 12
8179 12
8191 19
8209 19
8219 18
8221 11
8231 15
8233 19
8237 18
8243 16
8263 19
8269 13
8273 14
8287 14
8291 18
8293 12
8297 16
8311 11
8317 18
8329 11
8353 14
8363 19
8369 15
8377 11
8387 19
8389 18
8419 16
8423 18
8429 17
8431 17
8443 19
8447 11
8461 14
8467 15
8501 15
8513 17
8521 11
8527 14
8537 17
8539 18
8543 13
8563 18
8573 17
8581 16
8597 11
8599 14
8609 11
8623 18
8627 16
8629 11
8641 12
8647 15
8663 16
8669 15
8677 17
8681 18
8689 16
8693 18
8699 12
8707 18
8713 19
8719 14
8731 14
8737 13
8741 18
8747 13
8753 15
8761 11
8779 18
8783 19
8803 12
8807 17
8819 12
8821 13
8831 11
8837 15
8839 12
8849 14
8861 11
8863 19
8867 11
8887 16
8893 11
8923 11
8929 18
8933 11
8941 17
8951 16
8963 11
8969 12
8971 18
8999 16
9001 12
9007 11
9011 18
9013 18
9029 18
9041 15
9043 13
9049 19
9059 11
9067 12
9091 13
9103 12
9109 14
9127 17
9133 18
9137 15
9151 11
9157 16
9161 17
9173 11
9181 18
9187 15
9199 12
9203 19
9209 14
9221 13
9227 13
9239 11
9241 13
9257 16
9277 17
9281 11
9283 18
9293 12
9311 18
9319 18
9323 14
9337 11
9341 19
9343 17
9349 13
9371 12
9377 19
9391 16
9397 12
9403 18
9413 11
9419 17
9421 11
9431 19
9433 17
9437 14
9439 16
9461 13
9463 15
9467 16
9473 14
9479 16
9491 11
9497 13
9511 16
9521 11
9533 11
9539 13
9547 12
9551 13
9587 11
9601 18
9613 19
9619 11
9623 14
9629 13
9631 15
9643 19
9649 17
9661 18
9677 16
9679 11
9689 13
9697 17
9719 19
9721 19
9733 13
9739 13
9743 12
9749 13
9767 17
9769 12
9781 19
9787 17
9791 16
9803 17
9811 14
9817 18
9829 13
9833 19
9839 19
9851 14
9857 13
9859 17
9871 17
9883 13
9887 13
9901 16
9907 13
9923 16
9929 17
9931 17
9941 16
9949 15
9967 16
9973 16
10007 13
10009 15
10037 14
10039 18
10061 17
10067 19
10069 13
10079 15
10091 12
10093 18
10099 14
10103 20
10111 18
10133 18
10139 12
10141 19
10151 18
10159 18
10163 17
10169 20
10177 20
10181 14
10193 19
10211 17
10223 19
10243 16
10247 14
10253 18
10259 12
10267 18
10271 13
10273 12
10289 13
10301 15
10303 14
10313 12
10321 13
10331 19
10333 15
10337 19
10343 12
10357 18
10369 19
10391 17
10399 13
10427 12
10429 18
10433 18
10453 12
10457 17
10459 18
10463 15
10477 17
10487 16
10499 20
10501 19
10513 16
10529 15
10531 13
10559 19
10567 15
10589 18
10597 17
10601 15
10607 13
10613 12
10627 13
10631 13
10639 19
10651 13
10657 13
10663 19
10667 20
10687 19
10691 19
10709 17
10711 13
10723 16
10729 15
10733 17
10739 16
10753 18
10771 15
10781 17
10789 20
10799 20
10831 16
10837 15
10847 20
10853 12
10859 16
10861 19
10867 13
10883 20
10889 16
10891 16
10903 15
10909 19
10937 13
10939 13
10949 12
10957 18
10973 16
10979 17
10987 20
10993 19
11003 16
11027 13
11047 19
11057 19
11059 17
11069 14
11071 14
11083 19
11087 18
11093 16
11113 12
11117 18
11119 12
11131 15
11149 13
11159 16
11161 18
11171 18
11173 16
11177 14
11197 18
11213 14
11239 19
11243 20
11251 19
11257 17
11261 18
11273 12
11279 16
11287 13
11299 20
11311 16
11317 14
11321 19
11329 17
11351 14
11353 19
11369 12
11383 20
11393 15
11399 16
11411 12
11423 15
11437 13
11443 16
11447 13
11467 12
11471 14
11483 15
11489 17
11491 15
11497 15
11503 12
11519 18
11527 18
11549 17
11551 14
11579 12
11587 16
11593 14
11597 16
11617 19
11621 17
11633 13
11657 12
11677 20
11681 17
11689 19
11699 14
11701 15
11717 14
11719 13
11731 14
11743 19
11777 14
11779 16
11783 12
11789 12
11801 13
11807 12
11813 13
11821 17
11827 13
11831 17
11833 17
11839 14
11863 17
11867 14
11887 15
11897 19
11903 20
11909 18
11923 12
11927 16
11933 16
11939 13
11941 17
11953 13
11959 13
11969 16
11971 15
11981 20
11987 19
12007 15
12011 12
12037 17
12041 14
12043 17
12049 12
12071 14
12073 13
12097 20
12101 13
12107 18
12109 16
12113 19
12119 12
12143 14
12149 16
12157 14
12161 13
12163 19
12197 20
12203 13
12211 18
12227 18
12239 18
12241 14
12251 13
12253 15
12263 19
12269 15
12277 13
12281 15
12289 18
12301 13
12323 14
12329 15
12343 18
12347 14
12373 19
12377 15
12379 12
12391 16
12401 17
12409 19
12413 19
12421 15
12433 20
12437 15
12451 14
12457 16
12473 13
12479 14
12487 18
12491 16
12497 20
12503 14
12511 13
12517 15
12527 12
12539 17
12541 14
12547 19
12553 14
12569 13
12577 17
12583 12
12589 20
12601 12
12611 13
12613 14
12619 15
12637 19
12641 14
12647 12
12653 12
12659 19
12671 18
12689 12
12697 19
12703 20
12713 15
12721 19
12739 13
12743 13
12757 15
12763 18
12781 17
12791 13
12799 12
12809 20
12821 14
12823 15
12829 18
12841 19
12853 20
12889 15
12893 20
12899 15
12907 16
12911 20
12917 15
12919 16
12923 17
12941 12
12953 13
12959 20
12967 17
12973 18
12979 15
12983 13
13001 14
13003 15
13007 19
13009 16
13033 13
13037 16
13043 18
13049 20
13063 20
13093 18
13099 17
13103 12
13109 14
13121 18
13127 20
13147 20
13151 17
13159 15
13163 19
13171 13
13177 16
13183 17
13187 15
13217 17
13219 12
13229 13
13241 20
13249 13
13259 18
13267 13
13291 18
13297 12
13309 12
13313 16
13327 19
13331 17
13337 17
13339 15
13367 17
13381 18
13397 13
13399 13
13411 19
13417 19
13421 12
13441 17
13451 19
13457 20
13463 14
13469 16
13477 20
13487 15
13499 19
13513 17
13523 19
13537 12
13553 13
13567 17
13577 12
13591 19
13597 12
13613 12
13619 16
13627 13
13633 16
13649 17
13669 14
13679 13
13681 17
13687 19
13691 13
13693 12
13697 17
13709 13
13711 18
13721 18
13723 16
13729 20
13751 20
13757 18
13759 15
13763 18
13781 14
13789 18
13799 12
13807 18
13829 20
13831 12
13841 20
13859 15
13873 14
13877 17
13879 13
13883 17
13901 20
13903 16
13907 13
13913 19
13921 18
13931 12
13933 18
13963 15
13967 20
13997 12
13999 13
14009 18
14011 19
14029 18
14033 13
14051 16
14057 16
14071 12
14081 19
14083 18
14087 12
14107 16
14143 18
14149 14
14153 13
14159 12
14173 18
14177 12
14197 16
14207 14
14221 16
14243 12
14249 14
14251 17
14281 19
14293 18
14303 16
14321 13
14323 16
14327 18
14341 20
14347 12
14369 17
14387 19
14389 14
14401 19
14407 14
14411 19
14419 12
14423 12
14431 13
14437 12
14447 19
14449 18
14461 20
14479 15
14489 13
14503 17
14519 15
14533 14
14537 17
14543 17
14549 19
14551 13
14557 12
14561 15
14563 12
14591 14
14593 20
14621 19
14627 12
14629 19
14633 17
14639 17
14653 12
14657 19
14669 12
14683 12
14699 19
14713 15
14717 19
14723 19
14731 19
14737 19
14741 12
14747 17
14753 16
14759 18
14767 13
14771 13
14779 12
14783 15
14797 12
14813 15
14821 16
14827 20
14831 16
14843 16
14851 12
14867 12
14869 17
14879 14
14887 20
14891 14
14897 19
14923 14
14929 15
14939 19
14947 16
14951 18
14957 12
14969 16
14983 14
15013 12
15017 13
15031 19
15053 13
15061 16
15073 19
15077 16
15083 13
15091 20
15101 16
15107 12
15121 17
15131 14
15137 18
15139 18
15149 18
15161 12
15173 18
15187 18
15193 19
15199 14
15217 18
15227 12
15233 16
15241 18
15259 18
15263 20
15269 15
15271 13
15277 18
15287 19
15289 15
15299 17
15307 15
15313 16
15319 19
15329 16
15331 20
15349 13
15359 13
15361 12
15373 15
15377 18
15383 20
15391 12
15401 19
15413 17
15427 18
15439 15
15443 12
15451 18
15461 19
15467 13
15473 17
15493 16
15497 13
15511 12
15527 19
15541 18
15551 12
15559 12
15569 18
15581 19
15583 16
15601 13
15607 13
15619 17
15629 17
15641 12
15643 15
15647 13
15649 16
15661 20
15667 15
15671 20
15679 15
15683 14
15727 14
15731 20
15733 13
15737 12
15739 17
15749 13
15761 12
15767 19
15773 19
15787 18
15791 19
15797 12
15803 15
15809 14
15817 18
15823 20
15859 17
15877 17
15881 19
15887 20
15889 19
15901 21
15907 20
15913 14
15919 17
15923 16
15937 20
15959 16
15971 19
15973 16
15991 19
16001 21
16007 17
16033 13
16057 21
16061 21
16063 19
16067 19
16069 14
16073 18
16087 16
16091 21
16097 14
16103 17
16111 16
16127 14
16139 21
16141 13
16183 21
16187 19
16189 13
16193 18
16217 14
16223 17
16229 15
16231 15
16249 19
16253 15
16267 13
16273 16
16301 20
16319 21
16333 18
16339 14
16349 13
16361 19
16363 19
16369 17
16381 14
16411 15
16417 20
16421 15
16427 14
16433 19
16447 20
16451 17
16453 13
16477 20
16481 14
16487 21
16493 20
16519 15
16529 20
16547 20
16553 16
16561 16
16567 21
16573 18
16603 21
16607 19
16619 15
16631 14
16633 20
16649 13
16651 17
16657 14
16661 14
16673 17
16691 16
16693 15
16699 16
16703 15
16729 18
16741 15
16747 13
16759 17
16763 20
16787 20
16811 16
16823 17
16829 16
16831 21
16843 15
16871 16
16879 19
16883 14
16889 17
16901 18
16903 14
16921 13
16927 17
16931 19
16937 18
16943 21
16963 18
16979 19
16981 20
16987 21
16993 17
17011 17
17021 20
17027 13
17029 13
17033 16
17041 15
17047 17
17053 19
17077 13
17093 20
17099 19
17107 15
17117 17
17123 14
17137 15
17159 19
17167 16
17183 20
17189 13
17191 21
17203 13
17207 13
17209 19
17231 20
17239 19
17257 15
17291 13
17293 13
17299 18
17317 16
17321 16
17327 21
17333 17
17341 20
17351 21
17359 16
17377 18
17383 20
17387 16
17389 14
