35375166993717494840635767087951744212057570647889977422429870
2 11
3 11
5 11
7 11
11 11
13 11
17 11
19 11
23 11
29 11
31 11
37 11
41 11
43 11
47 11
53 11
59 11
61 11
67 11
71 11
73 11
79 11
83 11
89 11
97 11
101 11
103 11
107 11
109 11
113 11
127 11
131 11
137 11
139 11
149 11
151 11
157 11
163 11
167 11
173 11
179 11
181 11
191 11
193 11
197 11
199 11
211 11
223 11
227 11
229 11
233 11
239 11
241 11
251 11
257 11
263 11
269 11
271 11
277 11
281 11
283 11
293 11
307 11
311 11
313 11
317 11
331 11
337 11
347 11
349 11
353 11
359 11
367 11
373 11
379 11
383 11
389 11
397 11
401 11
409 11
419 11
421 11
431 11
433 11
439 11
443 11
449 11
457 11
461 11
463 11
467 11
479 11
487 11
491 11
499 11
503 11
509 11
521 11
523 11
541 11
