6600426080393157586831594905541125641904836267040480076920507295024085074195989905780244480000000000
1325182238368965 12
25857 6
1853548702999662064777772600000 3
769318 8
7768224 10
50726513465408 4
176653250002944 14
2587200 5
63950067 11
48849533227 3
70460462300737600 4
147460218526228608 10
115535264 9
2210016487860720 5
8194877460 14
39227457536 3
1069056 5
2225967464448 7
133967868320 10
55850351078912 18
1236285546210000 7
3050598400000 4
74084846550 12
20152817810125 10
131630592 9
786080000 11
224 1
190682298928 10
28693523040 15
1066 3
4605469902526617488 11
34245003520 4
33813 5
4593081656985840 12
82111986 8
323703075 6
2808751950 3
5184 2
3286336526053081956 2
62852790000 2
648933865125 5
8087012019067447927296 32
4711220727209984 4
3449215000000 6
936005151081 3
1040 2
1579769024492956176 18
3374364773681838243840 4
160132 2
73067364038172933 20
15795 5
171072000 1
77062557195 10
2509874470819940036210234375 15
5539235625 7
17472558881250 12
7888104641355468750 22
554631 5
6120992981246803968 6
5610731698600746809 12
12053905148447445500 13
5100533064 2
310500 6
865626062067 14
1320550 7
9171716911546176 16
10127974526406880 3
1014714770960 15
10366054247018165850 19
19900735885176874650000 10
222912 1
14218750 2
59267 7
10194240 2
12837548828125 3
12702183040 10
14247869940475600 4
61920707149 12
974001724367616 10
163508983911 5
2444 4
2292697109941875 2
7195760 3
2686464 1
1159305834960 7
7940642987420042669 9
4571638840944 9
4890696400 10
2050 1
153698 2
9264211866 3
47385 5
24272 6
122134375 5
12068505904 2
30525492917494180500 13
3748323127400997500000 32
2371769065120 9
18931436162100000 8
5371184 2
6732248343121980 3
4495990358862396405 26
21875 2
513619568 8
199584 8
17408 6
279276925 11
2302546147 12
54666562500000 18
2059882044 4
7514829875 4
14091 2
187868848848896 18
635000 4
21269048123069056401 5
7714413 8
87756459441 2
25783814796083200000 19
11113772500 10
9349905466944 16
142485947183125 17
1605839040 4
12074382427555005705 10
779240391376033125 24
1412045109842391624600 12
5337643655736 4
11536689615759 10
1046438756483200 2
143027510716324471364712222715 28
1158057 4
918097718 9
8146441187500 5
23244217975483343604297 4
99495017153736298505040000 21
4879567296801 10
65828132746875 17
4560 2
28259501292 13
92464001678969080875 24
24050817 3
1250000000 8
10269085999665991680 25
3273563168742328 13
59594961920 16
320000 7
59822734400 3
2785901174784 5
363580 3
7889 4
257278090067936608 10
21673074837103312896000 16
14565770777432875 22
138642914341230468750000 17
2592 1
4089031169191524556 22
348480 2
9565575902872680263021757 21
2288188672 9
10965625 5
69511629837195 2
30619206090 2
19371520 3
1141175455580160 12
91657448778 16
1294868835 3
221649300 4
65205 4
3675 2
41266712828259512006400 16
1886031119 1
92942045862590752245974906250 21
4180344512256 3
410493863537142 3
124714458462611682 9
175 1
2556036 8
88847440171 16
16737923072 6
18599531061060309381120000 8
158241123596089302119127 22
4144 3
249736458828768032 21
16236569692161 2
104088710759 5
47550102658508903200 10
3465355493648 15
794334459983125949325312 14
12348 1
33473356944458155497 27
1323 3
32295132313873843911840 11
50464906088571 3
392 2
82909115 8
31467800 11
24553036800027977515344 29
334567665 10
15686400 1
93925 5
2361600000 10
52488 2
76076000 2
4846054207371086800 17
2035239794 12
180480 3
176216370517791326073168720 5
546543127443456 14
1042899 8
554635627653744 10
31901156217668260517892357021975 27
10417603230 12
330624 5
18684238352923836 1
1701422868600000000 23
19035 2
63204818762398387142656 19
54328600 7
231252460689285859591845 26
6208819684375 16
14963116032 8
168399 6
201682194840 1
11445195 9
173392306560000 12
18125250000 7
40941207189 12
1973304353542500 3
11452364 3
31818346314334932 12
100248625 12
1715 1
10419854518080000 16
9240498772377600 22
26588 3
15997705245110301440 14
433500 4
7628709 4
610997179406508 8
18761028000 4
87786790938000000 13
6173808530126662656 22
61055565177600 17
73472 2
56809388431351296 21
116750944687500 13
115159275 4
182397568568600 14
3119782537755083200000 8
2962229303676825 17
4407810361 9
759999669 8
199769031 8
8884200070114468676577 15
749313904500 5
386139007800 16
49471750048680 18
1102904100 8
1490723995648 17
2432 2
110381521536 15
1847557037205000 14
120 1
100613193657890574375 7
1341522 3
2005970475 6
159211520 9
87419420156 10
81490679431168 7
745165291520 14
4420 1
29294919680 14
151196906262665984 23
47959826581345536 24
1652457664 2
17447358611565 14
87455467099 15
1755 1
471644124928830 9
69023819504640182 22
6591375 2
37461432320 12
111633309004000 4
2030183208340014 21
4655 1
8504455680 11
45379035 7
2561654095 6
212142638984079375 18
7564095 6
1004838944 8
2587464 6
5461068800 11
6927539256000 12
18337995 1
12860294832 12
247648401 7
177859 3
156246713175022626717 26
3229016254142150097333242496 21
64531636944896 16
1597196904525 7
4041177616305607275 11
18763830717632 8
9485571744 7
2339858360000 8
762243491171448 2
217448545576185 15
219140625 7
889504 3
976964898816 18
917154419531796875 20
8437 5
401577877119375 19
549063424000 15
17825 6
93400169500 10
3859900 7
17732168784 14
136400000 11
38709 6
2690929371887757 20
271746819258102236160 1
49536 5
102 3
1037970703125 3
87649837793280000 5
59400000000 5
13435468484198400 21
378606843648 8
51576250 2
798419808 10
262312618680 17
972417875 12
84919959564 14
453247500288 5
46054692418000000 5
1119875 6
6195223125 6
671744 5
567029721937419 19
3425625 3
3702805492056371856045 11
730473325855820064 24
18396504 8
253011 1
1132234932472875 1
58824579106322210574 2
91310510202725750 13
2719567081 10
5737946358816592272 22
23920 4
11311685892672 7
9493210720544997656250 25
43065503083512 3
2557715199175125 5
401408 7
22295 5
556754531520 5
132550229491680 7
14986287680000 9
3821635358464 15
3830165088750000 22
735074152153 8
28613948693792 11
129856553543011855872 10
206890909535700 13
1198303728947294823 12
32818578587648 4
158303808 1
243490400 8
1133261856720 12
3455001371146752 23
1515591 1
8723824195748900000 10
94771381071790883 10
5103 1
63576153365104553906250 9
100444521556540588032000 23
386058 8
163296 5
2047572800 7
925497466992 11
10893635275 13
7165560725185880475 14
41773271445667500000 24
8810827850 10
26691 1
229376 2
687974707791 1
155250 3
3284560530 9
9453081 7
435727 1
41472 3
1603175594625 3
112382892765 14
2816231561673055680000 2
3357412973145 14
255492461033593750 18
430724187134024062500 19
169507 5
28123200 11
582410056761344 7
133655812198569578673 9
3625298829108000 1
1160063362304 13
24059577777 13
8514428419 2
162438144 4
69556203504000 10
1996197577920 9
3347928430009800 15
1520875 8
1239039857172480 4
91646479598940 11
61990000093916015625 14
249318 8
128365018 1
138302450000000 20
1288872 2
126500 3
49439076750 9
68931506250 6
8492875776000 12
763316478 3
8368463086919617455 16
7703488800 5
2473396868736 9
5117 2
77251292583120000 20
3463997350 1
229466199820 8
24946403328 4
2357022441242880000 11
10625 6
524018386944 3
396294538752000 10
373731094016 5
2399042370324669300 14
1268596809 3
1167615 7
110 3
92530838292796019882493 23
2323552 3
39995670024000 4
40399593696 9
612923850 8
1690000000 8
815429511 4
14660886385861900104668000 34
8058974589641052 15
23827668480 10
169457278410927 20
2481312500 2
28635576320 12
6676232977755 3
145766095475 10
578453451840 11
66706983 9
89315434375 15
269210104416 2
11540836736 2
364430745 10
1042173 1
62617631382705000 18
675368295373800 2
12789000 4
23667968853 6
1163976222147921 14
19016793 7
35954742739 8
941543232000000 3
1292099398028668017595224 24
156758593750 5
1706750446632 1
791608524485625 9
10799083462383450685440 25
142175 1
2847 2
7589120 2
40066 2
87271077863506421920 13
73829542198441890 2
5105585620910831616 7
406502008012800 16
242835664585150 11
61515282642498 9
797475 6
2487890290912207256215 6
1418725 3
1845745248211300800 23
3531392640 6
14618217873 13
4764257304287883385984 6
7491137484176 10
12036632939545500 22
33896220792414981 12
81107185743284522640548373 22
28341300 5
82203761809641035479608 20
