70232705388912500472729808541925871574213773243175725308756904423417171549271085128200293779414072217967879515728710279077690129749861909131428175593606617088000000000000000000000000000000000000000000
5653687647265422942818044272138047021025558081349305237504 122
858801873628187066368 47
19343560753579990450517812600207872897169589996337890625000000 152
768849317783982652004642432075343094766139984130859375 106
1375609826474060500879544875695957183666243722915580072689664000000000 101
282724902729762365870241565244391424 55
14080888681118002370360815028011008 52
93452168997995004288 40
251709328644539600739070743933035459069878468608 74
17940784331690910181226446848 50
469014092016918176720222208 34
34606315184324002260654296875 43
499657457545013229211904 19
653661118088061927500800 55
102996826171875 34
1732628278732032 35
421605005113038389558064836677898763501261 70
2033647 10
239281870039538023355345906171904 19
68660590482022270500864 15
