4267336643451865270912807102392819442255804949543382364363366510404367810560000000
149483130428541184 24
10265508864 13
301682688150972734375 17
3479865458486949 16
678364134 16
30878962655256000 28
537146862777 7
477623727 15
94172763023069760457304729330434887 9
110314577698381728 7
5188085559287631 22
22212037959850614211875 25
1296000 8
343953084848007217275 39
749017196928 7
182550903292732583767254327 39
150579 2
1683992800 8
68286938570136 13
28159232341482 25
8642215467890507776 7
476077888000 13
17830839 2
275080 8
547576381440 12
24854125746148441600000 9
17199 5
443418624 12
523043545449436429666015625 21
139619140625 4
245523712 4
3637612254560256 9
49620981629603074396160 13
17935752159 8
56872208000000 12
19780605 7
9388702862336 20
5464643072000000 22
56078550234929502 20
159152 3
8773990619326373251139793750 37
363051450000000 19
41049252242151245832890109375 34
6281171020309061632 37
64481508 3
1384065307289 4
1978205 8
1004223007744 11
6899556545 12
249080832 1
34816 6
9755303105257164000 11
53248 8
7390322688 9
45393283731375802810368 22
453250 7
4917248000 15
8962348032 17
31569893654528 22
35800780950 13
1833448677014428474 27
236861208031246435000 21
1108761875 3
18343867576320000 11
3042 6
978612272684225053875 37
2203295910883704 24
1576387215360 24
2324426466298239 10
822849168651116088735 5
1285039049480090882623861221006 14
8992062 10
24682222522117735263 9
681501786112 20
169698847120920 24
6098279376714525 4
1383078247920230400 17
950 5
6111143141376 8
803904117049600000 8
12243312016117 9
311615742965240478515625 10
782893280400 6
3122280 5
646255796253161472 27
8000132 5
328757 2
2712561703543470876480 14
41588790373 7
64211340631250 1
612352 5
2162514748395047424 20
18259020 8
7149469490800000 9
381224459 1
2401527398400000 30
4405268656808448 26
84119035000000 10
74043072 6
562696875 1
