395117042729060441697388426682383987953498895482389961076281847073029702653749147904000000000
3886869429600345 9
1576320393775487042654100459 12
70126246393255457520336 32
26819429553125 2
1414947394858074 14
1026526100000 16
64565771200 18
314432 8
223792485917000 27
91512 7
165409354980225 12
443961 8
1612 6
93405355964914851 15
1750329 8
448095352768522589849270616064 9
129340638 4
35500927542093255764926791680 51
6196433229 10
215015600540000 11
3169585536 14
1365511927628851200000 36
252334912487748750 29
124509 8
521718607872 15
901307695104 9
13079964654980143513600 42
475 4
962134464547265625 35
607257950 9
294544274909552640000 26
329352160424625 13
3003125000 10
57626390200320 14
72343417583126446080 27
17006112000000000 21
903060311484375 1
212891017 3
11326062592 15
6378281 8
8717696 1
408240970811834368 6
35631281758092926976000 18
7044037622111600 22
72276249375 13
1105199104 2
255879 4
326701878525 12
5775523673865197175 19
24602976871200000000 33
55614978288518220000000 8
2719870581267891843626042208 19
18634000000 15
150246705845003733105259 32
28124784230400 2
2962316643702975994986999642047870016 46
42 3
14336 3
193361024 16
2951779578314998579231142707200 27
132587944335 2
10450981624503214080000 28
9701953593510110449218750 31
44880524884924224650 25
12912536240535087 8
4123075000 11
333396 8
8919272746771200 21
57291385070640 6
34349795735305082513510629376000 27
92538028418662400 20
9626939148970000000 38
4209057216000000000 8
596357337350061795991 3
1578127982183235 19
175348800 13
13295787756508507901322592256 33
72101673280 20
43826331991725353274205217216 54
514973506560 15
169326166338315422546034817728 42
128774 4
17111250 11
76545 1
40399715828621875 20
12068505904 4
6409101967464160643599500 25
58567548865640585937500000 24
2739518713802752 26
29387095097366153763 20
283953841963008 24
15435 2
15774633910767600 4
347924799488 16
2395008 1
580622321664 23
126861617550742017733944 25
10463877664768 4
13252923250688000 10
4354739127066974159141082972 39
