932869018996227614262787989604455565270567507280199324142671881481377119153083486442094592000000000000
6770644940800 4
3652041472 5
11790942030441 6
1053 2
826 1
48024673200 3
447465759 5
30630942720 3
1197 3
271541233218539872 9
835584000 8
15666525 1
2963846457 7
384953446167223824 16
696320 2
37244427831147847450 5
4969452198024 6
488565 5
314253369100000 2
13934592 2
1893622973 8
366275 3
99109617161953125 3
1963906560 1
115200 2
4996803839139451785290402880 8
25137 3
3267 3
200474624 4
1093300375 2
106384 3
12956097214843750 8
69084798358890234375 15
2662310025615625 6
886837248 9
11904 1
7532107873780758125 13
10180352 2
9914534865 10
78095330725 5
4638469869952576 10
278737022141855760000 3
193932045531 9
53687579708 2
66997060425 2
18563475450 6
17730567689065 12
52785 4
46554282898737075 6
725373619630842105 11
865948482 1
873964 3
2106 1
54208440 3
4472375345152 11
205225350046500 12
6508392800000 11
32886 3
13044779553591296 14
513393760000 8
2205308894978889997101 12
130 2
24363875558413350034537 13
23620221990599780 13
991232 4
111127506700840175 7
26052055059472200000 2
1330056 3
1160 3
4581451 2
15155942606244796276703887104 17
419120 3
578000 4
63384065890599168 9
753682285821465 6
7980690690073221120 16
14269600468296173 6
21931995186932480000 11
14676727573200 7
50622487225222796345088 11
75243285936 1
209008130778735547875 7
74701737703593 12
427063 1
81838850972947200 2
214461 3
20 2
651825828864 9
3708956608818552 4
6738578 2
4118149085259375 4
49916011320 2
6723760860375 7
49152 1
14786611413178715880 19
24988540739768320 9
31407058655280 3
1316700 4
92270401907310592 10
11826532060585 8
133980877312724307480506957949 5
11607334375 6
535308345 7
62390272 7
1138028106868672000 1
6607685 3
254553750 1
3093210868220928 6
72864240 4
895255308009010143 9
1806 3
4083165114368 6
154933617922776 8
30617518287468750 1
224224 3
297920000 1
98128900 6
6604416 3
12732430548992 8
86007664080 6
1068591552281914177376600 16
6004709971093707467 3
52943350884338187 9
288974409300 10
19051200 7
6256277404262952512 4
3267 1
4371584000 6
133081255046439600 10
5271138944700060155724 18
7993125 4
389030607 3
32449144 2
43360625 1
372889551844530000 15
170406182844787500 13
58368 2
279955 1
324786692736 7
28607913 6
288054144 7
510654333748975 10
218491 4
103941533475 3
153032338550 10
1163799 3
51319237353512128 8
2460402945 4
13272860483 7
1467890866143292263750 18
33475680 7
1609947492435323594248611344 3
723514945255645773978 8
52339056000 1
413413 4
1752424075083661903 7
20079 2
7533 2
466560 5
3452989676175 2
3319153677994 5
7498255471200000 9
21367160100000 12
126309456 6
24146185077356940 1
6259158360 8
244006889815584 14
2445340816008279189 5
1970433625000 3
2089232600 6
12420817358391648 11
2431 1
954497207158871040 12
857493150976 9
2560740000 1
3160215 3
277722857047971594000 11
360916772308972425 12
241823232 1
6225361199200 10
22881166983178560 2
398442240 2
565191 4
931906639872 4
176677402897725 11
307429858593 6
25768627200 10
186 2
4356 1
10876028800 10
6110058478251 9
54476296875 1
355200000 3
29817855451683 10
210272857200 2
108226272 4
973043960000 9
17817810641400 8
1694130436656 9
7051701089888 1
61032479201550 9
1653758127 6
3013503781106925396675 10
185802107904 1
351 2
99344213942400 6
61955740683722000 8
61965 2
2433431 5
544320 1
4742400 1
27490357901952 5
353155645440 11
8015792400 7
1843072000000 9
10134720 4
1559202142892355 9
55207526400 2
5301193792950 6
797695524297000 7
122292989089359125022 8
27229344220 7
459641106562500 2
232375 1
640397340000 2
1191731200 6
150880000 2
2229836253876 10
183238293404880 7
93177 2
1176637579264 10
144165340580997120 7
7570465454877445120 1
328524325 6
470993085906472910 14
763699004997226025 7
1840000 6
8931463440569337930075 21
24723870297273000 16
2478080 5
125771484375 8
19057720185 8
14310912 3
44546479181387194451587250720000 29
3950 3
73585983536450 11
1536864478254000 7
2925 3
10251312500 7
516375 5
1986875 5
60428489958604119651750 7
18437410745 2
4464000 3
28628352 5
53312 3
161590188169760 14
18068503180 4
9987681472975514952 1
7129773773780 12
275526437888 9
27815499756 6
6262614212580 2
76893337100 5
3530232832000 2
1356778687 4
357571745769231 8
29547808 2
440911691386880 4
363 2
85293 2
8599288129230333661750 14
91842010722 8
1495 2
348160 3
6888448 1
110906250 7
8785339060960 1
2162485327535156250 2
247401 1
264898683409193589 14
6671378596925494375 3
50534678651912 3
1250 1
27308752209931500000 6
223127447435218260 15
765325 5
2992607308614572000 10
126 1
2028533760000 2
1442813393 7
1090390049962500 11
2178275275 3
8630021920 6
7273300320 9
45879328 3
52403063700 7
37749369600000 10
12295510500 1
18608788515625 4
2969460 3
13530410931889446491761536 1
1381006466910720000 17
720192 3
132 2
17857750816290000 1
561810756384 9
220 2
2255427713 4
109465580800 3
276580555834000 14
25515 3
94021136000 4
8413972 6
922469796 7
1955314709824896 10
85577576448 5
10620473155200 12
8083632843 9
1248048 2
34714781621 3
159195901967127 3
13046462 2
906580831655840 4
8141445731250 4
4610892211200 1
478224 2
4350738064716288 14
2212109608916065950 9
49262046070815270 3
20489316182496 13
1641506075374259179 14
8360053416 2
23366490637029120 9
10401934 3
2585 2
35728 1
19053434848575349248 3
386675369503422795017235 18
11324675384792 6
2705773734033350400 8
6172948679612 5
413403591699411750 1
68870191104 3
554778240 1
547761738449707031250000 2
105678027 2
8388089973120 13
18392713416 6
65361455431369020000 17
2395967974400 9
1672676649 9
6603991317000000 14
35286446429 3
164628956250 10
33349823760384 8
1642228875 1
15633212877828 13
4148612 4
7673823573163 6
6656 3
258874700596347 4
272022746735250000 15
49815 3
134375 3
804 3
4369494836 7
4574451032340000 4
156200460935914683 12
12636580513265225685000 2
25109315 2
547237548 1
5908615490547 2
6298884401152 12
24426875 6
80518050 1
88018837984 3
37908 3
1582591856265807 14
555000 5
7554898543752 1
61208576 7
8712656330400 7
12699771512400 9
90724264752 8
1281742 2
22264 2
3871310716000 10
54464987493 6
1831379706000 7
577706917827026 14
8575 3
6433020000 2
784150071705 3
1747331523 7
20691546042676250 13
2839455 1
31038831631654704 15
1114731524062912 3
7533 3
2470316332176 5
2857260755851529118 15
16724731563540 1
1037422039500 7
857188165788257823 14
3163455972 3
7433216 4
10102579200000 4
1070167 4
2746744 3
9037783359421 11
556807680 4
4938702474648930300096 11
12788916072750 11
90656105400000 5
513216 1
1426156654071807861328125 10
126208000000 10
2166475517578125 9
1181949251012530 11
8460288 3
3572382618816000 11
20631868287028370653573306800 19
30550496649948000000 7
1299056 1
4918776614367616 14
19160037771875 6
25414997090286375 11
517924790303891389848 19
6708380229 4
2789577720000000 12
62761433 5
100719 4
663822128416749225 11
661504 4
2943622594383184 8
20156866097500000 12
3221606179068405424586752 15
1538636 5
50112 4
347073972 6
5743888329600 4
28305 3
2757246773220 10
57525 3
118328364000 11
18473435424 5
5497241867187525 8
67960968503376 12
489273643111400274400574105 25
522091478272 3
455 2
2800 3
1838833346398950 14
3353344258473 1
24315012126900 10
1971831229943750 9
37603994804238699 13
27694408 1
9450000 7
1790050752 4
624300995318000 7
10381166048859375 12
1467177689600 11
1177982568332648003250 11
3280922820 3
599962307756416800 1
8995924080 5
320000000 1
4392398129776915120128 11
609389462500 9
36535677750 6
2107091168 3
281234166263360146980000 14
414477 3
84704895098050018176 3
44080 4
112175698980059114400 2
33208897691088 9
221155856 3
298596556409536 13
610509332272734 6
26256689690 6
11557728 6
2894577 6
27648 2
1271580301630670031 8
506503305115192 4
368 1
3038 3
11452486968 6
210 1
42082429312 4
204425 5
77245983237550899200 6
10018896075 2
252952397111988 2
18092525121 7
11255400 7
15283 4
1429888567562 1
161888069 3
134991792 7
659819520 3
49863843748984255935 12
184910452140 3
723659916525 2
298031979987422277632 9
1865767365 8
717883285862903047827435573 10
69718665623809356 6
1035937410200 5
1293666608 2
1267254016875 2
244976049797612982720048 17
2586611003185 7
35639853525275 9
2109 1
548323876953125000 1
814221815 6
269325 5
157416640427904 13
32000000 1
682344 3
419668164 2
833 3
8047963023407250944 14
6696 3
15606100600 8
841256373476258441448714056879921250 26
10136722488480 11
913296384 9
452834396800 5
8547 3
37554723826668339200 13
24609375 4
2035631002435510421023342 23
1459534611584 7
143689362432 7
3774 2
163499212800 7
14494801750000 9
231448316 7
4770643675698823104 1
565976949264 5
5776000 3
134508600 4
125021408307113332 10
525 1
3171255769608192 4
482464000 5
77751156884500 8
958281891840 5
165699 5
736017385586078125 10
976949824868325 1
575062176 2
174151978 5
40444120584 4
763754103 1
3937491432454318200 11
2214784 1
1187401111203125 11
533632927265316200 13
181732133589552 13
3893915274249 8
3850371072 9
6374011921875 2
35654797376000 5
7157236251550 11
161082730151624345904 19
15926892800 3
70946304 7
1798 1
2430 2
81340 1
77954280779375 2
295101238403098999354531250176 28
56122537908052000000 7
13672654696878336 4
21932019 5
22892758477875000 6
6561 3
1757916160 8
6043068458984375 14
8738474838016000 13
1974861 1
88105283058650000000 8
984360371673 4
1653272809461281520 5
2781361399035 3
73851894740000000 15
22850294018474507393527992 16
1078 3
11627200 5
236626444858860 7
5280 3
7007 3
2537943793749 9
25541592809733 9
605683873704000 14
18364725670259127839055750 11
14291743950 7
12352885967 6
935 2
2053255806976 3
760004377216513806 3
7718369175 2
118092078 7
3207757491181100 13
432598320 3
75298159210560 10
41468597816252187464452800 6
184653421875 7
12716144056589082399 5
12235975855973963520 16
168751 1
87370467977 7
14220920791 9
51958374507 3
8196607710632791450000 18
1866037250 1
7672456456 6
3648349075179096 13
167340400081848 14
31509207001124926793018326125 13
1376034557352 12
34749388800 7
163972432196642350000 8
44018380800 7
441 1
48511356526165178625 6
4359375000000 5
23565099951360 5
1953628000000 5
74720518971807744 10
77748578271 1
893572905069924096503461040000 10
747552676655073636750 16
39875 3
328162438053072 4
6919 1
7495324229176875 13
4126379071500 8
181990195200 1
26299 2
3298234464 4
439405353750 5
1539 2
16804373247063400635 12
3557400 3
14709903 6
21880878435500 3
62804303523689408892411642585 9
850500 3
8766294242957715154054246400 15
5497661407832889311097 19
82944 1
1779570000 1
53176662 3
2137101408 9
12960 3
22253231 4
228028316692328538571875 15
11490066432 2
23137143744 2
8983040 3
10543936 4
4622704697759755939191100615 15
223587 5
961977821736870400 8
1425 2
7306577186 6
8369430300 9
261 1
454515095372104704 10
159129180 3
18341119103 1
33457760993280 10
246487110960182400 6
1607698291221466030080 14
4602009512250 4
1581658750 8
87446821 5
9885439487 10
1579192951875 11
658801382400 8
516295 4
67962596949603657 1
12068222400 10
696191480226000 10
43877960334000 4
371228000 4
942222475568000 15
980545500 7
4259840 3
2440970752 4
50511483 3
377615749462875 9
40348397841866748046875 20
684080441 4
96760280240901612478 13
8460288 6
519635206144 11
39556 4
2341246102875 2
875094365289375 12
479308800 8
337265129201200314471 8
6174779392 7
30685 4
7326 2
14825510963214336 1
4113435606192 8
808393301496 12
27716 4
952875 2
63017 4
443879172625 10
2211001362500 9
17496 2
212617680 6
1883355271023604224 9
16168965120 3
2591507044875000 2
896655 1
7957386398808 2
986854662402048 2
364938365750 9
530581898 3
9464 4
5549544 4
314345631138000 6
8645 4
2329577892279084720000 19
1072 3
46551680977002482178117 20
944616423555 3
400400 3
25633125 5
810690543727064 7
297935754180561 1
535995200332630761432556 3
10813197184111699034112 13
1395360 4
2207945526683203125 12
452634401852416 1
38916967581250000000 3
463723733876564480 10
30875 2
70089620002372575 1
301875 4
171360 4
448507699740360 12
2021250000 9
1197876497664 3
60739901497 4
2419013308573440 9
457912421814528 14
159471 3
1161216 5
48698387 1
783732375 8
94921875000 2
152768 2
304000 4
10838218659840000000 17
22966389061432128 3
10979464073760 12
252772352 4
170500000 3
20669058932544 7
186761507 3
3633750000000 9
7651438200 4
7493500803169726147264 11
44158270062571665000 17
24780424000 5
193164291396326250 8
190306074024 9
8723000 5
6048099792 9
23396303356935323061600 9
20199703415892 7
449748 5
176000 1
72813188889354375 14
507159677720652 9
31603573498094156658 11
369940377384900 8
31730990680865478515625 4
3110158177604079056000 2
30546316378988347392 11
106964 1
16800 3
3215430618250083568514784 12
4866048 4
1879673017190400 1
8786018304 4
5152 1
2791360 2
280876837114456064 14
767312 3
134303718348800 12
4602688612237781207178918000944 17
563941938656250 10
100034887274617503744 13
1113750 4
293020 5
1080 3
3523757089537818696794 18
1119386058813 12
188863488 3
99144000000 8
63882 4
502231154483025 8
202616538407712 10
34300 2
222024240 7
58155156052787200000 19
4390291343572992 11
852687 3
14217500 3
1548006923154339648000 13
1089000 2
14458111948800 10
39639375 3
262127392143680252 14
2539012145055770662245 21
71498889 4
197052768123750 14
10390793699328 5
1046228638486208177 2
65361300550000 3
740876305925 3
8476222462028152832 5
319886119680 9
2154032409174822 5
723097645200 1
301819607352388125 1
8912896 3
5033896462140 9
383328 2
25863313608 9
5434314688733840 3
14207928808554 6
64946359296000 13
62694 1
31880922416382808125 3
2307322806621231750120 4
102836421722430 6
233793945 2
114492543885720 2
1760 3
6577720421475000 13
424602612070 2
162333600 8
6277858840244394 1
2776120309248 10
25600422400000 8
78936 4
90430420643 4
4176000 2
31970260998531648000000 22
13996656000 10
200257670852608 11
4147077 4
1338761398065 12
539978515911 6
701585920000 6
1030645810612 7
13270716 4
11943936 3
385876690391115 7
813824 2
64126975 7
2829736 4
833236250270244040220 15
131611576504256819942400000 22
566650540 3
232555326220800 7
37932264106104783406365 22
16864204119662592 1
55805325 7
6533120 6
1771517440 8
4566016 6
43849890508950 3
62106015833455209 9
1015 3
3080000 6
24191167 5
9048 1
76176 3
444805187840000 12
143944706500000 2
11297645120 2
26016375 3
3495971536153169286880000 16
285033513011788800 7
4338091875 1
6757404570741825 10
1184342676 1
85184 1
424873350 7
56512160 3
730303 1
1247805440000 4
150563109729312 13
353810308300911 5
5478172635357075500 18
2104134786673920 7
112029242503750 6
2775472128000 4
31021023538125 12
324951171875 11
1479 2
19432862025984 4
2783971232 3
13656203323637 8
24027393369308941328640 1
575904126798 10
104650 5
22230000 3
8026032804134912 3
19084299431492295 8
936176543152420044800 21
1447040 6
2352255984157607495968 15
366096029 1
126728547553125 8
21510676 1
140442390790625 14
1622862364666400 12
894949494471648 13
44226 3
85253351093768880 3
237800 5
82955169792 7
1266544188 5
253267248140 11
2124749375 4
94162500 3
358790638531908036608 17
8105114424 5
68909819643873922973325 1
914188200338943143187731500 13
2223663598389048750 4
151734 4
145250091 8
55491573312 7
29926706432000 7
168 2
36473125 4
2736 2
107345488098649450496000 8
3219121037 2
1396173829017156686847 13
4698406552 7
71058377350060912557585 22
682611872508000 6
29262066561000 10
767765958104838368 11
170496 1
50375 4
380513343394184 9
2208 1
567 1
319800571190100 5
22320243036 4
12025 2
60406641 2
73456640367335445 5
42312 4
510380767224 1
1187970752521728 2
9798636880211814 2
735570360 4
4216147281 1
417571 4
2420 1
24802502147917560 12
1632825585664 6
283448892310598273350 12
666770227200 5
10709881 3
5225 1
34924988253066912 15
328932138726562500000 13
728782758 8
23035194 3
4378768302997025280 18
835210 1
30625 1
10659996411787325310336 4
391668660447547392 1
1409375000 2
6536532393984 2
12646604470156800 15
5904 2
