980045222785846390715488789727620072537586560716673432393500667049591392989490733320043412815355860946525835703718000000000000000000000000000000
234553010343383011180249350144 66
3862991776465078060884294474351 47
14212171520351469694631875 44
232244320863908271265850585728181250000000 89
7788501 15
1752541011603241580381066248704804587625307935858822244243517578125 138
82836740636672 24
1084981957649696855941168267949768704 43
613918420629555527392522867389678955078125000000000000 126
116473351517744981760000 43
9067271828191445821777343750000000000 46
154881486794826217494498684009185280000000000000 103
1301723662100917406577545065715639793779700994491577148437500000000000 71
62970941 12
1613956037685608448 41
20406763984924296112853337637500000 40
40364005830019524435283813668807568260000 52
684142144824634328392578340384175415580361228288 61
7955118025258024564944207668304443359375 50
789741774618679584000000000 48
