6519121087059408249458673158814741634680098612139103351315857519822897507398540899123200000000000
9234 6
19682923 8
31104000 11
12341241 10
1106679816979400390625 19
4976412780761718750 11
13307105 3
812383338462124170924 10
568575000000000 3
434430828802713600 7
75414423282406991560259665920000 38
28764160 9
771061599 9
99 1
276360656026 2
338411520 3
503845147 5
538125 7
608938444160000 19
14412002500000 12
364138228769875 13
302908480875 3
144145170000000 19
125241126912 2
789881080684340260 7
9652814376480 10
124780544 9
45557004390912 13
900153912000 8
10775885743 8
14821946752017305250 1
4202966018808 17
9587597400 9
3931325435797760000000 10
3626 3
2405700 1
460608634395 14
344655 4
1096636383699265728 27
35665548750 4
31225005 3
357436187559 15
13312 2
24247421560000 2
1763937 8
1358382327876 15
29018295568332800000 5
68815360531400 8
753513132083888682 7
12951076096 9
38787249254400 6
2112572 8
108926589640083502608 23
17301504 10
54994333838856699 25
47192574 9
28399811311872 6
1101740250000000 10
303404096940891979375 26
14692446531239252000 25
4981824 8
3850428736 8
43840815227793045 11
1223337500000 9
16246364509192882680000 22
26627361626521600 8
75741774420 4
695337984 6
116023812750000 5
1575692800 12
29920330825989312500 2
307826193385125000 16
643572552795692773968 14
179658937500 3
8293313952 7
2397 3
58040313724673280 19
47717088978742092 2
2272257605749315921875 19
66965106 9
289531063 11
165897367455337174440 12
3660883933 6
1835008 5
71502620779766 6
4721920 4
368515984375 1
1035909 1
16356148323035760 17
2025658834584000 11
40832 4
74971868645331000000000 14
31183580553125 15
39712310022388224 2
823753700 4
625660101990 15
502827750 6
4301 1
381405024 1
258834062500 16
13034 4
437404234500 13
2476678374720000 22
342301294865196 3
6834375 10
16397718328 11
66150 7
17749732 5
100733220 2
461776 1
204993750 4
22017825974855304 7
1744830464 13
5554356853909 2
223776 6
143822349685625 3
9449737975089940269 27
590947500 9
646632341712 11
118098 6
29196002770525700640000 25
16039809648 3
1968920641356720724017896265 17
1260 3
32414407812500 11
191083924012973710264 20
29597976 10
26126346803557 17
2858710858989568 10
3681667523688 12
5505408 2
5893255683 4
911224310256 15
11332866187275029724000328704 31
597584 1
8464000 2
495 3
3400561327685546875 6
45497282538048000 14
1595517729911820 16
20720855968475 8
4513447639411032894975 27
140893128540 1
2251575522235653213600 26
345401 7
1204529085760000 9
26770906 8
55816047 1
131076643968842085728661328125 31
35840 5
765350005547371507321312800 26
531441 8
19554429785625 4
39489943220 12
9319478853069 2
59880257214921 8
612288074904 10
37558807 8
226860023 1
96844446720 6
398103552 4
4334942372042601 19
948224482128000 10
785799074119680 22
11219529742848 7
12669048 3
5601622400 6
23702117224345560 5
527182488367535 15
439898988672 7
524479528734181216 17
137564 1
1139355730694181 16
139968 6
18590231275 9
243276800 2
61957679991307520 7
96432625 12
270653328 12
313404 1
130881244826585210336379 2
110864 7
62111049 1
62370000 3
44094209645799290448369514 32
9082717823745280 12
12407013627496563712 4
23554670295674 16
14468452208628880 13
23350622143464406111947632684053500800 17
71260692549318297884880 20
1415573289 10
85692653348841 16
75086305808342400 4
1946025 2
552 4
6147695036004067 17
2003904000000 12
29082099983750000 16
157248 1
2430602890625 14
5397866535476292526656 25
9367325280 2
20748 2
1375751976254764416 15
151823 3
3672144024000 12
5394633664 3
353605707770427 3
29675017572952752 8
3477900794320147800 25
15553298364292920 21
79373 1
1978964825543368278 26
38427121485035136 14
74212664980500504 2
5938716 10
3430 1
6804 4
46128 6
7843 5
7500 1
2363327518464 10
1516790775 8
2995572717004931213400 15
249294786823368 14
601092811019448 18
266114160 8
125035381807644672 24
97070041088000 21
464031433152 16
221752080 11
15892929 10
1033526091950 5
430848880162776857600 10
60480 7
539539 6
4807 1
4955040 4
171088 3
693504932120 6
7411879588113 5
19885880 7
1485 1
141523557175 6
52612960 6
11011 3
12425 5
161728 1
13104 4
5396354927600 17
1095596011 8
4471589104228125 20
1532443124364174880 1
35227876330121860 15
338638204362332875 16
11685272949 9
5217870067740 9
444190061 2
9242273040 2
716507250459936 16
95835256 6
10288502208 1
5519899 5
28768 5
7182652909728515625 23
2851780955205325 2
32857354880 8
11482650 7
657261444606 9
3875 3
399452931479926912000 16
588267685632 17
5589 3
28605376297048320 22
282511634748002807697 6
68750 1
9177 6
43720441725593600 7
751160202396738944000 8
306865602974000 8
122104125 11
9322164045 12
797112 4
2122484 7
36770857200 6
293440462560 9
11422905748008374923875 22
6302695454486460 11
1086704581527936 8
2557771776 13
106627224375 10
8202379733500 18
31581 6
25700486760 9
19606388490 10
137414114843202288 21
4304640 7
48923868455 15
1544960 5
75803 7
51597 5
33556828125 8
36104538834 13
18192683441471 11
1069409689803 10
208559694400 9
101998537524 5
110560034129869500 18
8262 1
9375825600 5
8789580800 7
209525 5
245234375 1
63756042240 16
467724400000000 16
2028501080320000 4
1806706352 4
8000 3
13934613006 5
3329183490048 8
5276793600 9
4153900732292097077655 4
3683066165625 13
406296 7
65443313129750010 19
210874640625 11
312725164895000 4
39753283529758538371072 3
386102464 6
27024101442 1
2413934439698439 8
3092455179 2
3584504 2
3190030775746181777955688 27
449673 6
37113688603431 8
148385166291532800 5
15725046902935708314648 3
802702867567774618368 21
3674788776400000000 1
14999703143282279843266560 27
64946922116649408 21
55370645923827339 11
6713477912725 12
96203642532028416000 22
453480797 2
234555781743360 6
37350394798666752 21
13169681617488 16
198201270267 2
113750000 12
325615625 5
4846320 3
101934999920 2
1030038995363 5
205200000000000 9
183234420 8
1724988922800 5
266 3
3481676388410729693184 15
80000 4
64064125125 4
1185875336741 7
156058033131 16
1295 2
4216 4
4864357806313151555955 15
131648516800 3
6541026378085018505088 15
25055007516048867393416250 20
73203013254404324968040 30
1314323027855508375 5
931635710224607232 17
152173018445 1
39315423491280 11
247716144000 1
2019021680455743653707776 23
24505369530895653750 3
834170994840298752 17
16675 6
729956730275696 3
64828266885444589625 14
710723619 12
924920068359375 4
1683 4
45466046010 6
42588 2
3708243682901389596840876 20
18304 4
254320 6
3948779153781 10
387971345469312 18
669655 1
270389294768831599585787904 16
1432257552 9
65207377920 6
126705835526127 5
152697439488 13
81970530325260720 4
1947 4
311696 6
15491250 10
284765625 3
139694225000 1
1904 1
13613596672 12
11902855977647712 24
3001050 3
23296 1
156 3
14892096198843171 5
975255065 10
2934363 8
121929998359497125 5
14945 6
68241046414203 17
119050436505 6
21810067918560 16
1854099 1
20493229361 12
30911086859247 16
36459170994960 16
182899840 3
36819879329792 1
37652773500000 4
88660992 1
5828903874425048828125 14
3185 5
105566328 4
10175 4
4961108096 9
5824046125 5
1855 4
5511667214594250 5
1400 1
130998279001484375 10
253287530496 11
22731672455778000 4
404648217 1
1988713584 3
756719880375456 16
30184708 4
73645014946104 4
131863374720 2
6386660 2
2379911625 12
69954902567346225 3
12578294483476722 12
36430971950000 6
9293367595680 9
1606113828 13
138449146206114 14
2069613 3
5480678665 7
6929322176000 15
13863619 8
7637909555078418 23
3495212522961563178534375 17
29315 2
18944107875 15
145085264924051828453 5
249851116424 5
29325 2
18052776 9
3246427413990604800 21
531441 7
768 3
145775 6
2320 1
51836353261816760000 21
1986944 2
1088 2
27526189920150949965 19
19119815 6
47676161433600 14
98390709406260000 3
2541440 5
1639517186294 17
4270000 1
67997588884796851 16
7878590720000 13
238510 1
49427640297 9
30951244538368000000 15
210666992 6
441 1
95323518813600 19
60045704 8
347334892996 11
33066033 5
3267338800 10
25347 2
34375 2
10976000 8
119066112 10
85740327036 6
1743691950 6
88064 7
544768000 12
