852641119823713576659560820247933108150409003030561738560358676381892084589993119041067035175911136797371598688078779864137067776164843809623999731521588983535234151612416000000000000000000000000000000000000000
142716734489894068014337966762327993935258976256 85
30512726430558399469154672913752496242523193359375 51
1530161561813664983302808757976312109375 81
833953375308923151267891392725592914578636800000000000 91
11926514579698627389711904608000000 71
2631922446548527 19
950259846462799993907002963776866765993798035097135750554851122463375360 165
207778300343289 27
919495331480120279024695323234354195080566406250 63
12732925824820995330810546875 49
3996019499184929743169818581358608384 80
2723726310338956956178525490762464886784 73
31774279072901033279535185920000000000000000000 51
5280271997 23
1588753396424496498068021654232 43
162982214888986939283522883 49
765703125 11
1465323351309251481437927908098220209733632 82
4866160452365875244140625 29
2325105340917465501478195749 54
