576238781556116486676291077029210507080001398742660104574010993064161921864561821483008000000000
369413 2
296264880243870793728000 1
135796953600 14
374126771138137600 3
50057355988690000 13
40360 5
337215750144 8
25917408 1
20930797633536 20
381428032181625000 15
10794303 10
173230682592712500 13
4808777429299 15
306475 7
24589958417145 16
26823863019737748742113924 29
5910051 5
10269552325634888704 19
409891104 9
5031734175 7
14749 6
2035003275 8
7908127731 12
138844207083151650719232 20
42206470111808 10
403381052662500 18
110008934028 8
2986875 2
13878224062500 5
151875 5
40943880979456 7
26367 6
19422315 9
10733271120 7
558376 5
15257831108907348544000 2
12084897459600 9
31785858 1
135837874557 6
12147427 4
782542650375 2
9657802 4
24300 1
549423 7
1960491171875 1
288 3
117599969475 3
10195073521875 8
30913712639 13
2638619138607744693258 1
296811643994624 5
10176000 7
2843421 6
131021604 9
9843573317131569312 8
2582877024 9
305224920 8
94114178125 1
28006758400 4
632868720 5
18377880663452412960 18
13417676084736 7
75942300 8
54806400483328 20
20832736820445 6
106722000 8
6966469986176838072845880262656 43
31892001959752337216 7
32703125 10
5943587155 6
6402172803917323840 17
118701 1
663 2
130652841466594061930700 26
2948715000 11
23814 1
1464995375050401792 20
1052560278 12
2628659717672825072384 22
29539178194616871900665124832 39
53874216032175 9
1432846768104662022 20
4589244325702240 8
279 2
1035672220800000 8
204472320000 1
5897388032 11
4578793042448056320 19
433610079209653203 2
687615823928925 18
11739627793603710 18
26667186 7
5648922545214967936 27
2623472874000000 18
1650005230219315200 11
2145972835048879375 24
17112032784 9
2983750000 1
2375 5
12578738666607767626 1
1944392000 5
2239551315968 15
9792 2
496125 1
79597719455235072 2
109769138550 1
74925 3
608202968625 10
5760476684835015 1
149831442879242813 16
36505600 1
601800 4
752543 3
6627544 10
124757966944125 1
428936433687 8
1569359003285619 3
984240625 13
1084565769855934464 10
74787143510079 18
101885875000 8
229893753653564 10
542500 4
33464107826573979555 3
32604229327399744 4
6283788320628 5
560435818467 14
417875714690625 8
283307024000 7
19051200 4
75856075382718987999706250 35
41251231 1
3554229050408960 16
1479075 3
697662196000 9
62156757179400 2
4875 5
2444437125 11
1211430292800 1
296938752385275 7
38036592 6
236157562265625 3
34478125 4
3209494771447820233938 10
40960 4
15950 5
407040795 9
207360 4
427408998192 3
30923861768 11
117868068864 7
357290313869480 11
152780227446394429 23
816115255981700500 25
902981462240 4
463050 5
331416050 1
19390857740 3
131972779125 11
37374390 5
517181140350 1
13374462816 8
7578747033 7
404194144 5
41388776 11
1188974548125 1
40455919205251200 24
1602369410400 18
136579569656804628624 5
4005217125 9
39375 4
421362 8
1853179165813297753125 18
50046922460304 19
384912 1
149689215 11
769379701837824 2
11222819148055416408 28
524308031747084000 11
5538704941 7
386570029 7
87454989829120 9
988950402045590680971444701952 9
7400714287659264 21
80211384 5
56465832445859375 2
26481000 2
73116322388732 20
941536908 13
532123025545832 21
64487804629935024 16
441 1
4274688000 1
1901550816 6
125794043257856 12
23537956703334181271240 2
35863286457152 3
195042871904825945 4
4325496386754816 6
924 4
101697412471200000 12
120224 6
1077752104 1
1314036 1
935972174165149394 8
7568521444 5
4021920 8
87393054356992 15
890752868143228409 10
59289420022804421632 27
28183373389289 17
564493248 3
7278483044564992 8
45972927 3
1117269748940800000 7
178062500 9
488326074714835200 26
582120935375148 16
2933125 8
111050794838016 6
3852225509 14
2932904781 2
2614430 2
60016 3
6568848 4
4347 5
69764062500 10
102271451669725184 3
1568 3
6145528380264 5
980292726 11
19732505600 11
1496 4
135111775447857120000 15
39884037334400 10
13104805001225 18
5346581358561614674560 15
2910208 8
50419762848 9
109717537091365 17
7699783520 11
2278125 3
3757273079401448750 5
13529844159 3
13664 6
7851144945461117547960394500 25
243977826979488000 13
2603172000 7
18862875 5
1118103962984669375 6
290107737 1
48321 4
14969303440 11
2702231048440 6
171776 5
5524401888177381 1
305112566707200 11
1056148500 6
2556347787 1
26918171280 14
3213992320 6
12692295000 5
1521961072491350874240 7
1839293553125 17
1643951760050600000 14
3169602009 4
468746505248112 17
106996005393076800 15
1450719232 11
2889780903118494 9
664547 2
98920930775787036672000 28
1093278109111760000000 6
890096424750 3
379165780205450 20
127480466205897166314612 21
407369126996195375 6
698460791438103750 8
4992 4
365554944 5
47233407020888 7
522616941 8
8381646 2
355582117029375 12
48 1
34845514725420000 11
1684243044 1
264809034 1
772236870923598080 9
1098485647952 13
2304 5
2257010001963395888572935 34
37940917560 10
644372495 4
77223809520 7
322420399770412944 25
687610336 2
7639960725 1
5259465627 6
182736000000 2
345596735988 10
8135829437736000 9
35727110496 15
68425 2
9548849121384 3
5116005360 13
42449473698877 15
31680545 8
114732442566144 12
48416940 5
181440 2
78020000 10
11776 5
3684957518473 12
8600 4
14764244746706136576 3
779229787280 7
36567811619018527500 14
1699489061873061888 19
7935607264000 15
45945758305881 16
5929 1
47953978828704 16
36557101179472133292032 3
5273077101600 3
989154493235200000 5
1303976141406250 21
137750 3
8218845485334 13
67202879316608000 12
5434148412 5
57985068240000 14
2227462007618750 9
363233894 9
35043840 7
2582135570432 2
54123784 2
649232226899567475208 6
136602058561123518 5
47420360932960119475 29
3103009 3
12121370882775 15
3969405 4
163680 3
4400 4
5882349044 6
6615 2
2449664948016 8
3968 2
31437054641916 14
26793285948 6
1690000000 9
97115084 11
33244625709025858913940000 13
48503 4
15972930 1
263736655 5
238 1
6298182400 12
246200256 5
24678228654270818 19
17518021875 1
1314451677 10
9333188875088 5
38263752 8
67807289000 5
4928 3
969968463046875 19
21375 5
31436365581515488 4
62315337151093635 20
93105456214680 19
675752442216320 17
9612557080310767500 5
961789324162182640938 21
115228599041920000 13
190798608 9
2586320585048108160 2
38509675776 15
367705305 4
260 3
15798303513720 5
4717753578749952 3
4850090350446387200 19
8184 4
1776605402880 8
4743 2
1185258753440307 9
240 3
231 2
460459450 3
50708416704 4
1679195700 3
15201859748732712 14
104379405 6
25670725500 10
6473600 7
24672422854820000 1
36176 2
11272572237076660224 13
11160434828392850000 9
65349608448 5
236270601445678207772 7
89397 4
13860729 2
1430 4
7021875 2
31768 2
114696134437500 20
2320138240 10
23428343191 6
14252013729896988672 7
40365 1
2601405873039204 20
181684813605946875 13
5324811620800000 4
32672471642181280 15
2676628052587399680 1
9005535573120 16
10336 6
8772725925 8
5382400 6
21593779187456 7
3782419110601350219 8
33732770825600 13
74831440905094479281996095776000 40
284851690200 3
793657890154800 11
47805491732311040 11
33150414282407319145248 12
111380850362578500000 17
4554812250 12
427970304 12
70934635863000 9
163072 4
229635 7
55740029362186400 15
734768823888000 12
20480864256 14
4932322 4
369365724 11
96762971240 12
64111541157888 17
557591623041024000 5
5912248320 14
38859586453776 6
11738712494383875 12
32175 1
26091901440 5
28971 5
12453987000 15
245245 1
2317940625 8
82409564646692968750 11
1568347676672000 7
3655 5
241102856197 17
496016229506 7
224853357698358480000 15
20339771130810153264264 19
65156888671875 16
16987114629053125 8
35606912 10
10467911632464 10
8840 6
11771189805375 1
109840031359618560 14
460576531296 13
76466754 3
702 3
37262047240573395 13
23188 3
66410589154000 9
36421632 2
4323846912 13
1669586499 8
6052069239876 10
120979648 1
90428327376 3
15724271270714745286275 18
1800268544 13
51984 7
2362896483186096 20
17722841205440 9
27135866241 10
1690 3
8993125260589050 9
14288463986688 9
1275 1
90897029222400 16
37383904078859230485046272 17
831406275 8
10650783 5
212496088694400 6
20640559104 11
58021782 10
292820 5
2471573169 13
1521 3
16090938228571075584 4
