17396331454870115649614889377284552061266662677249670710620873348979340607642018940353981440000000000000
1325182238368965 6
25857 4
2323514052830875625 15
1071284771486856746623050000 7
22372485120 7
3064126399313175 11
192423 1
189209290752 5
119952 5
19433081250 3
70460462300737600 4
147460218526228608 10
115535264 8
9655460062479 12
267848584237500 7
25169452 2
58029 4
226030289744659050 14
131151733020963 5
54080 3
55850351078912 9
1236285546210000 4
3050598400000 2
74084846550 6
20152817810125 5
131630592 3
164640000 7
615580768750000 10
460693359375 3
1845781713667679299628433408 10
32978061671772672 14
529511 2
78316185600 5
26844178636800 5
265954176 4
3286336526053081956 2
62852790000 1
648933865125 3
8087012019067447927296 16
4711220727209984 13
10736 1
2196426377031250 3
1447579614000 5
20357518336 6
15075369457379 11
590877452288037408 11
2560 1
16169000 4
1291235901111 5
19055823348375 5
2130046875 8
15473312 6
11849409 1
5074540384375 12
1538585122032273144375 5
1755675 5
34882372161127968750 10
29814400000 8
37878176 5
1523889425732337664 1
23793952708101312 12
4688736 2
3021266 2
13500 1
21862159605 10
5097897000 4
40538469312 4
100746794720 2
1014714770960 8
10366054247018165850 19
19900735885176874650000 5
222912 1
14218750 1
59267 3
12432 2
26465629960937500 11
2206221017123200 1
644899024729595547912 19
639646875000 9
493862093193640996608 2
14926275000 9
37241600 4
57127422718080 3
2323475397936 2
3798009390931511440503 21
80049213976445571 8
932560521984 8
10045 2
30623321374498816 3
1776507552 8
15009501980466 11
64768759 5
106120800 4
321786596976 2
30525492917494180500 13
3748323127400997500000 18
10049286960 10
96 2
974848 1
3133728 2
5371184 1
6732248343121980 12
12958 2
479913283850000 8
199584 4
17408 1
68440511093625 13
1319647331131774848 4
43493994495 8
208350282753 7
225588861861888000 5
460390617204 10
50761728 2
170162843274302242 1
119100807 8
726516476837611687998379008 26
5134476160 5
291695572 2
290360000 6
4521082639752000000 2
7426924030125 4
116122435 6
969721375934619 14
90294750 2
34680 4
421485841647863467839 9
73950597 1
15842417096493 1
359208259200 10
33548580 7
4633281080400740625 5
9548 1
13616475702549758100 2
259301287 4
110320785 4
116 2
124821 2
1306125 2
82084500 1
290605 2
2875230441720 12
24050817 6
6172294921875 4
8500006385 6
30425472 7
14633277 2
1358937040320000 3
41472 2
1037274469545940992 16
1902501146286432 12
2113346090437705728 1
1243450338554511360 9
85154103166386718750 13
4108535156250000 14
2184826119874398 9
196259 1
3584 2
886791728123136 6
43264 2
333814723149600000 10
69511629837195 1
30619206090 2
19371520 6
12312903680 4
534418560 4
21988989 3
33540772476250 8
1885 2
916588670596725 12
6158592 1
1064700352144 6
1349704646762898833209647810 3
54106733286720 5
264426239 8
115086209 8
48334378745664 11
12179425781250 10
327155712000 4
4007187176182087680 16
1522191475350000 8
2586380544 4
1628 3
4247258886801562500 18
374544 4
1664369174240467200 3
23617536 1
334747703942551961600 1
24756767968 8
2941525125 1
137874636179500584195 7
14725 4
33558000 3
22346330825000 4
91139604747597894492 1
1460532424 9
145000000 8
376437197853 10
3224650000000 4
34746910 7
390847941792 2
1638266789174400 1
71987880690369 2
12620044425634265213440 1
2804821366684929769216000 14
1042899 4
554635627653744 5
31901156217668260517892357021975 29
2468662102489275 1
777062 3
49187634111270703125 12
2234496 4
8945156405640 12
110561 1
47883143 5
47179947289767004644525 16
14963116032 8
168399 4
76440 1
298113286221 8
222494627574311040000 16
20194758 4
788544 1
1973304353542500 2
11452364 6
132756 2
25139949183000 12
1715 1
10419854518080000 16
9240498772377600 4
141334501895599512500 20
97070225 7
3314520 5
32437129453267 4
2511159154 2
203030864816 2
470701957 6
226474325 1
38148000 1
8879434324992 12
81838147328 9
228657 2
56809388431351296 16
1185976586250000 13
231020026601364 9
7667 3
1569989125 7
3119782537755083200000 4
2962229303676825 14
4407810361 9
759999669 8
199769031 8
8884200070114468676577 8
749313904500 3
386139007800 8
49471750048680 9
1102904100 8
1490723995648 10
2432 1
110381521536 8
1847557037205000 14
964389687751568945250511875 7
1341522 2
2005970475 6
159211520 2
169041794256506716160 18
10098000000 2
32401419369930 7
4181216 6
258099243615879275463424 23
47959826581345536 7
7631470000 9
254447328564000 13
32851 4
518808537421713 8
6863635620349144 12
99067028091935621120 7
20669432625 7
6223472008914 11
12604383000 6
51051414375000 13
215396351625000000 4
948915 1
9500513750 2
101562500 2
36750 4
330253623984375 7
1258281642384041442304 5
34798467402559575 11
86644498408526591379 12
4623944727435264 12
247648401 7
177859 3
156246713175022626717 19
3229016254142150097333242496 11
64531636944896 8
1597196904525 10
72465525 5
512160450321 8
1826947311 4
638236690432 10
624 2
93675796697433600 1
10447226384765625 6
23104 2
976964898816 9
917154419531796875 2
18752522030930610 7
8672961024000 9
546148576000 11
93400169500 11
15187667484286 5
231149952 7
62473246875 4
2726168214708224 5
1725418939132560 1
49536 1
1495219139561664 10
75 2
90108925901657920 11
29368560375 7
18837 3
299536990369344 4
1650440 6
492960 4
7091712 2
72462289531007 9
6932020592640 12
57404432800000000 13
25744171743961650 3
24276855783660480 2
1947969126400 3
52767252712351245123 6
730473325855820064 3
977944740864 12
1211870286022515879375 13
70764280979 7
42405407151723 7
18077173497045 4
17046028125 10
69666525 7
473552441922207738101860485 10
612 1
46377919181 7
718588371787820170 17
1099950160748544 5
2604680806 6
882012617794 5
12452828520 1
406639402 1
2612981833527296 7
322427288941490304 11
44960610157155 11
4655594235162780 14
130555152 8
35655355008 9
463499998247802667008 11
129856553543011855872 10
206890909535700 7
1198303728947294823 12
32818578587648 2
158303808 1
243490400 8
1133261856720 11
123017513609281536 7
855 1
826 2
111947830353513 2
63576153365104553906250 5
100444521556540588032000 12
386058 4
163296 5
2047572800 7
925497466992 12
5588082500 4
93773339193600 1
6784649760 8
2919264073350283725 15
19897097202192 12
83088423 1
1113833836500 8
53392711680 7
362641123328000 6
9777324 5
23386105925 10
585 1
207331945002880711421779 15
123209952327 7
255492461033593750 16
31853250000 10
169507 5
28123200 7
582410056761344 4
133655812198569578673 9
3625298829108000 1
1160063362304 11
207074425278574626741045 9
16463740377047040 4
88803 3
26300662697573687676375 11
7614464 4
170152639347600 4
16252036595575450 11
4882164000 1
35438625183443625 8
63626216032890000 3
1443653584074694782772840 19
1212848000 5
18097542492089561280 16
2109760838605 9
341043750 5
1599158487375 10
1724703237400 11
810520482007221739503750 2
5351484375 8
60120014782464 5
5117 1
77251292583120000 11
1247039046 1
229466199820 4
24946403328 4
2357022441242880000 11
10625 3
162249577254555611240448 22
1638 1
101436851151 7
12054042410839000 14
545977029273049125 15
16132500236107332 1
1273299626932305021 12
2323552 6
1220565610 9
106029 2
291260839571 4
229754624026869760 2
2954614745088 4
14660886385861900104668000 17
8058974589641052 15
23827668480 10
169457278410927 10
2481312500 2
28635576320 3
4005739786653 12
491287225 7
389211200 6
66706983 5
89315434375 8
269210104416 1
11540836736 2
364430745 2
2002004930165625 2
3354636 5
11561860529856 2
536701824 5
319990770533070000 12
19563223680 4
50435546875 9
25070024457576657 2
398290542531000000 12
720866978 5
23538471840008126100 7
36629871 2
26009736500 8
1537269861600000 10
527105524 8
13294 3
21492028637462528 12
6062055967296 7
61731 2
292974952735700 3
71881824 3
4685868950 2
3825 2
20926208534815512576 12
3392 1
406502008012800 8
242835664585150 6
61515282642498 5
797475 3
2487890290912207256215 3
1418725 2
1845745248211300800 10
39332407680 5
4368 3
4764257304287883385984 3
7491137484176 5
12036632939545500 14
41139504 7
49123307520000 7
36526111123659034752 13
1845040600 1
923871665911274079487488 15
159544 1
1040735387905004088 11
2202446643375 11
3299656612598144120000 15
2261172304820 6
10331136 2
4807 3
22390920 3
117504 2
1112716 6
3983526763134588585639801 19
7502116902420 6
29282 2
361887187200 8
4858056 1
660063532104008956 13
390396517 3
17475587056361896 7
4433677248 3
31720865 7
92284924264500 9
1303198343040 6
15688134 3
16116740009735316875 18
54791936 1
1526091974506008000 7
3497779689727700887565055 1
364883569000 8
6849015877 3
72261672994368 8
30908045353977 8
8800 3
5969295000 8
1297702657927927944 18
715932421875 6
439400000 8
11055264 1
801490693120 7
153515818267 2
1428 1
138375000 7
4160623484326400 9
76832 3
1547 3
10262795481943875 1
1371951 1
1377 3
13866339689322120 14
7692759216 6
2314432000 1
263296000 7
6607900 1
56703905280 2
6582721001982236037790149 6
56719845 6
106204125067427685600 18
27664308 7
11446272000000 5
214372109600 11
187742941444051380999415053 1
18125 1
2455191602467621875 8
497196354375 7
27231185571143554 16
4709574452352 2
723033220 4
85994216000 4
1068098096016875 8
19159 1
8424 2
48886355426902987500 13
26039760 1
87480 2
575190 4
4728031440 2
7348453159561552896 9
9102 3
23409 3
3622328486454272 1
71077500 1
1343034 6
18935943 3
824698875 1
315748125 4
77104872 1
1271161812623586543 4
62991005 6
423453134982884256000 9
475167990054912000 14
12680662455112799305998 18
50769165 3
17613440 3
506844 5
2151164065050 6
327015 5
217242060503797 10
8523080710144 13
26657080560000000 14
8985600 3
81664 4
61930008 1
89103168 4
94648600949760 7
713542853 7
1858126315564431363 10
804840800256 7
2686976 4
5412307198654125 15
5915841457032936000000 4
45883969707744 9
5095857 1
5540094144 4
123107139554959560 15
303604271685 3
122015698700000 13
105559174777415913 4
844480 6
174600153000 9
591500 1
160933724471212 7
937803776000000 3
100945121888 7
48271874108535 11
1271875 4
348625200 8
923472 3
62983602231603439121550860136 22
2465 3
2108525531006730240 5
4727875398400 1
2056762508902885917 13
7090258 4
9879526608 8
1837011960 4
35647568830533317498407875 4
30800283220330 13
11673288 6
1535274 1
97826080760359424 9
2370861652975288320 11
2252593559701485 1
907233557470604 11
842112 3
1146048750 7
800 3
9892030800 1
1473221750 2
180145708800 10
21544975 4
12405603460 7
15509475 3
411194920 4
273437500 7
65286 2
4032400841721 4
197702220729182400 6
63922176 4
2882760529935 3
1069805790760 11
265172081069000 13
732958410191125 2
4896 3
41076103552629630566400 16
44306583552 5
20165308 6
278981154177435072000 8
1684558848 2
2491762811850 7
329003883222529562640384 23
177144 3
41539002785280 9
22473932800000 7
7016112885291473333440 7
1694079943295922057650112 14
5831 3
610688960000 3
15516875 3
832152667160576 2
17374708175071036866048 5
10817497353719808 6
6617619020395854354434625 13
57931328 3
1048576 4
108104162436006514024 13
18837 3
370737372852 10
13211817193137472000 3
203619656203493819575000 6
301252 5
994185500 2
682122967200 4
13468050925056000 10
25825698064810 5
438168538368 8
1752146032 5
900008590244212899840 6
15381953890875 9
40293 3
217725703701776608 13
3492136368000 11
3127708776413894400 7
14791875 2
4144093954000 12
23040 2
2682408960 5
626389332647545943028 1
2972764300944501 14
8840145922475 12
799056128000 7
25731163851079572 3
42518048475 2
8752313009 9
12105717 6
7654348 6
1244711664000 10
15330435964346368 1
5149057400240 4
2079131745823242030 2
8284650 3
2104850968 3
7415190118265625 7
858250560 7
3684816816800 3
1283453985339372672 16
89895765254400 14
46137 4
708251143406716 12
1838258322 2
159255151 2
90077 5
3248553 1
245650 3
102988208 6
22015968 2
245025 4
179850 5
392796745342976 5
180294284581024614 10
3862651968 2
16384000000 1
6386288153394868185896550 13
613023125 6
20640116475 6
10943235471367591836950 7
26714000 4
2031603480156250 10
199660640256 9
1038031544110275 9
1067734536960 4
25565290625 2
3800099432254346496 11
1425269704275 10
5186610000 2
2024451 1
1782 2
324473848411188645 17
954569 3
3994977167181 11
175985236440 2
52592856315312500 9
207357500 8
4290285574575 12
136458 4
3581509096460237166 6
528228936854238375 9
8227008 1
10277052 5
1002375 5
171033650515 8
171680000 6
814071384 5
11526950 3
37281 3
12171774478710 9
1137150 3
70383126528 9
6107360 1
7613875904714640 11
595280068714752461664 8
8265618559396457791038000 1
5256379289070 4
632320 5
517882592677060 3
3236992 2
4088029926435840 5
11967433761920 11
202284305223 4
765000 5
10569196 4
752864504259375 4
20184 2
943340268717 2
421774662400 9
23308765880400 6
3528 2
1000182571622784000 11
15018046875 7
401411115000 4
1442929276566000000 8
16384 3
1528508323741398280920 6
8465591232 7
213792929 5
2094448586274125 15
574845054948567555328125 3
4114 3
1060894385779929393 13
4431791269125 8
13570686399732940800 13
225844710300 8
21484435799521908486 14
2880469980752 12
8673641843217942500 2
164024731677714336 8
1898963352 1
63851918571 4
180523728122508544921875 1
10221092832566875 16
8767303895329056 2
143925664050000 6
10976089483656 4
5308357292 4
367007169 3
155157802527 11
404624 5
6876758536094135458 15
368475 4
88241307 4
1714672117088 4
6404702400000 5
43197 1
905713424 6
25798500 3
112809606258776 14
295738140785006304 14
1508000 5
360 2
305541524089516212472890240 24
46767952 5
29754019 1
17288640 3
62475 3
392931 2
8031938007555 8
646762878752981760 2
1322578125 5
20863945720054395 2
12038794618752 6
2701281515078125 7
409812814392281006080 4
302290423708 6
183982572582442725 13
240549530958629550 7
270279335157317640 6
33107005230000 3
202252893 5
138324487059 5
862914197376 1
259006480032 10
5760 3
8937513291437500 7
121141207 7
6011182244128320 5
299100791808 6
592201171 6
648002211515212708 9
85894439088 9
441830800134706752 2
11803 3
2107392 4
1118075805 9
918805275 9
22094599866033798418094208 4
27173339930880 7
812101120 9
349770638959442505 6
41201494425 1
55227825810872370321408 5
757083104870400 9
41050473240000 1
46299582921549600 3
41536 2
1268454699008 2
51220480 6
679666914429184 10
755374774908741109856097 10
1384712550278861319000 17
866831565627 2
458640000 1
14306612224 7
589091720 2
14162445 4
5417819710581555207 11
132848 5
1604043 5
245075742720 2
127471184568 8
328886506 8
79901287125 3
69374930625 5
234365481 5
19796740988693760 4
413343 4
146946880080 7
2490982183650115584 4
868138042603191360 7
733002124800 11
948746205230629550173 17
92480 2
34441309526348340 12
4075545600 5
191063691 7
310063 3
27890016 3
7591854278230400 14
2108735488 3
4314380112 7
4167150352326 12
128652800 8
890029125 5
30599805329289638631 17
3392526456 3
9016 1
1475735625 3
352675532242687500 10
239757921 2
17561686545 2
3041066946456 3
300007043072 7
9470551713853002075 17
186368 3
617510127 2
72636865 5
269648912 2
48941562134696 11
1787125 4
41046993276658875 15
483533191680 2
872960725 5
17054490937500000 15
5565889754882849789397 14
27136 1
954435857674505193 16
1415231502965280 5
1333072 5
10292832 4
96019825 3
51926325495 6
8807921726343100416 4
1748000 3
926050998040 2
25115508 6
1564210437696 9
2373998870754 1
163072 1
18192839 7
560 1
55889222400 2
6943249286963 4
75476736 4
3440 2
6452160 2
137853738663157881 17
35712 1
331838373888 6
53163783 3
3227937667668054 7
14197371483865928787 4
1483408807231 3
52909676128669337010891 2
3456 3
31927441 6
194605975850 4
49686 1
7457100 6
246459741528 9
1509567037440 7
564 2
157206282213354171875 5
71209075422434924 15
590227780037963832567000 10
19005440 4
6668649754 3
1350730444787712 1
420113952 8
1012 3
265370859034643613614080 9
1170729356992148424068591 18
31103816381618400 10
680 2
555566375 8
593984066910 1
7076711324680127 7
1139035832484216302866048 15
6934592363076 12
928391053335350 9
2617839 4
44370260480 6
796556737152000 15
690167808 6
53248402592 7
1513581934312448 8
91218905 1
16364187 6
29072252526029212500 18
3212565219 7
8712 2
2022975 4
3125 1
