456667026635615023309389264334593542773007792418760393878568176746747913629430587167193858938318556928375727132341337474875290067876733011949623693990703398912000000000000000000000000000000
1724812143385410308837890625 55
11920928955078125 11
12645795028201827788128256 38
684431619297720508467204277466580107500000000000 36
1186332965928773123453193503677034389366112256 127
22258609412603904000000 6
1951281152 25
99421539232864958572134400000000000000 48
363688306266520522242287625830400000000000000 98
3394923840000 27
77985421382173340552598125 56
273524269653544056925169 37
520943807255130342194049 27
2925637525799605824597000 13
578509436134528009470287201949137956898427056947200 98
384555015625 27
2828617683839036610170392150016 75
3816869567802133696 10
70837688605246308974592 5
665502070710393724560324864372219272232960000000000000000 107
16508258 5
151031316751191622918817404521944880057978515625 130
866942155599780051057674513952 17
24067458844409813372672000000000000000000000000000000 133
35907128671604949577545840109392787451901708984375 21
15573607013031478891965841408000 56
281808854470539849811395525923635200 1
1021841871423136575082779546008379694215629344331530240000000000000 33
159182493793118874250845445246952784607721499834093363807104 94
25124767166464 39
