823626566066353092303050525691694431313103144024590858149696814411776000000000000000
137680444260867609 24
378 3
3251133035 16
2032617413081523411 24
5389001031481933593750 11
168898559375 7
369528937048836145152 19
357048000 14
33553195270144 27
44484831677 16
2304040718964266125233907663575 2
851119496389008 29
81528785172 4
39217516 7
171639107991633984 22
61555967981333242870891358462080 30
8119152665395200000 7
716447656250 1
33907885907 16
53370526167947664 33
1639811198745360000 13
18947489099 3
958567895 14
2883156740832547265625 33
40220436250000 9
453396058979475768030 8
309079516796875 1
3038248040575911547836710843439906816 22
665 2
1624852668417837467224 12
2229268402176786432 34
39701359683 8
534397550625 9
42613350000000000 17
28035072 5
21545418752 13
215151601216534226141184 12
89346911263929 17
261477635227648000000 36
10099884032 15
99924227620795240000000 10
145363057269276672 13
888671875 17
212184592752720 4
3046840172672298234670980108 21
64679680 15
62255761127929687500 35
147369600000 16
2715587550144 12
35058481963704 16
240468748 8
1551963755577211863040 12
107258419743683260582603125 29
2196153534401424689 18
4920 6
178292740958126080000 20
56894559657060633508 14
32687785650305183112 22
19476541674511257600 37
4896633666988854780508666802995200000 11
3321 6
3496112308894297304031037489152 52
1600762500 10
2725531795910408203125 15
863638391808 14
707883471208184251617 39
640 3
2067798824 4
7826808872752954559244 42
13200000 7
966575 12
28080472817926144 7
4147 6
923556717381367714466250000000 38
6223856385656250 4
411836174752772278966026240 21
139159088640 2
29740445138944000 24
4731428091285 16
11799 6
2785425238629 7
200766600 9
2719655938560000 26
4788962216211382272 8
509415885507412848847050 21
30659896544921875 32
2796815731680 11
12590625 10
2560539512760320000 14
1323 5
17631662343750000 22
1409034528 18
701058232066500 11
146623037440 22
3460300800 13
201708984375 15
112386054831356334423253056766425 6
379845703125000000 22
93487979661556187136 5
152455078125 18
