8975319294363809457367965604286985710806352346426295887915182248952520585229180600320000000
9234 3
22517998136852480 5
25910732390400 17
1842183 8
2353603656250 17
172125000 8
974080307200 8
787684742051328 26
421694208 2
19340589107086560000 27
508134193534486915804742240484458496 46
18689254950366 24
13939956620135 7
435456 11
357085601275000 23
212738805500000000000000 27
12437950163968000000000 4
110171486395276501888 5
166741490598467835986375634432 43
33540709640566734848000 36
952927008 1
464380231680000000 20
7526773944315236520 21
388402128000000 9
112465187846239149 16
10775885743 15
65425313398860454438989216 44
61066623920328 17
407874565571546554565429687500000 4
31384579259 4
1358075863040 8
64304361 7
14080716960103125 14
809489036188800 5
12453019773349512500 15
1578265783380034317855000 33
2227984200818750 18
16619909971 16
1100497452374461262121 15
2968239893989672618040221875 45
568116659 16
51447615100457937715200 16
59982759787743936 9
64009000000 20
345891788928733856806064023731720 58
1082419200000 11
590055458432 21
3806700271799040 18
436012965472418172792 13
449294041160698359375000000 37
10294435971072 12
109387180 15
569906176000 18
35241468261739778409433659520000 22
494423751607500000 15
200520368163180 5
13200793125 1
2087008 3
150190785105206905405440 19
290608223543572 28
128006021250000000 21
2151296 4
265121464138515668992 31
20848746270823333632 7
2607936 11
754397168428112303947776 12
4100000 6
648962476119629775023112192 45
223275709629843750000000 34
33824691829508751360 33
426547161573984 3
21611740571448700256684100 3
960668377810317 8
1720375926625472688 14
546499 4
662661250 13
2516389392000000000000 36
51386357421875000000000 2
90240281447067174305792 29
78658560750 18
7976174191150 15
602438302718573769 21
137011 3
2067884 2
914746911277056 3
19122688 6
322005313 1
22484709117 19
373908061905159377125376 25
2127307520 17
16397718328 8
11036275508491824 8
745842629804099256 21
42196008960000 5
103125 4
102686522321802298487702814720 9
77110337470464 26
5523691574143945216 27
3776773 1
1888778849929697297712881664 49
