16860015203744121611408616554850729051918983368460310407952497174141149121501843191069032846955608165274010584312508052943802104740000614861591689438387524352308557846212572610560000000000000000000
9234 11
3624886018751237369452522784 80
937747232159956992 47
7955913584574419764863297747427136890136718750000000 18
422497186432695597270585011412290286566800097280 18
1769581854370798869375 4
70559746031135455014749363588832723 75
5067153149420128669225859669837 75
26932339753877504000000 20
304384330531719970703125000 65
73679507136210172596692325861053117235200000000000000 69
2047721726396561680898125 55
233555546436895523386034849851237101796875 48
446754915636541870278286080000000000000000 62
231951424063100946273485656336322538429390793745587186958379754979328 159
1474749649963690310672022576169273464643509026816 87
1695588786578581880832 30
3889196036149840885124545627967951594805541208064 6
547697607101696049155028358595947265625 39
1657415997372364253670980115314292426339778560000000000000000000 79
455165186457600000 18
65828695730694708505859375 66
327124706684397515752281755637627 23
12300387840000 14
821645389761760951101 10
10185435359674854159375 26
32156554998776377537208658553576492640625 103
22860779074749 19
27636785520709926888180976535629067398876460468718796800 88
12309669217770270974364018769217454080000000 26
