12212192005291693305499613191662219839244414103098477793953054410483709652282812932610971080939014464414278728938771443174239327139921920000000000000
1294892862436022767302077 71
48190997385645448974798159872 26
3800446548244955136 7
35392999191591516137123107910156250000000000000 40
97531529216 10
1658939666432000000000 51
2597058364713890140182510016879656960 106
6170449267375949469608319864122977500000000 44
3413972278021287359161507723031287141316001792 128
57810697618480427089996434543165829237527390807034315438817280000000000000000000000000000000000000000000000 15
3073280000000000000 49
280451903486529168576000000 21
1329858386306690825728000 44
697305323 20
13752641696891296590439091054460878630941695049144628906250000000000000 90
1556332640083927645120503135 29
10513725579501654059332134131573194752000000 68
397907672579703793188 13
355057405363089 33
7650410496 2
440297353700392712827147743599414825439453125 4
3476217163161600000 28
2931714346290711524386647489369165645652014358635479040 145
18184805268415300332 7
23428485779847177734375 31
53116711570459410754488242798592 48
544523881543982138309461602679652352 7
12705388128807386312709111808 32
1129016366318223360 37
1571432905423399682048 5
