11241651026548526672900970968555313074144654180639686309157147840596285389718704996340572733440000000000000000
84283041624603008 12
4672512 1
22877794047680000 15
398520 1
45111214911 7
43670016000 7
281362642407 4
8664376 4
295885 3
6906385056 3
10116108030600 5
390805965 8
23539005 3
1387500000 8
3564 1
683822772569475 14
29240000 5
727879778640 3
81 1
37602011300672000 8
244045346688 11
202009392567835866296982 2
2113359888 2
35142754304 7
1803174912 3
172114278921728000 14
27279360 5
353412881216325 6
9828 4
330752 1
1045 2
125 1
152969441625 9
35833763 7
245523712 2
220286304 2
805 1
6829062500000000000 11
6483788467875000 2
1904 2
22405561472 2
6563403 1
1168263486 4
14334047442000 1
2573186 6
914374656 6
9215434800 7
55847990373150561989949 17
14550999408430066940380 7
266473592 2
3134480724375 5
184989035 8
2616489600658713 15
11728967298048 7
1239573590819200 2
257691136 3
26624 1
3342816841728 10
20218896000000 10
107508 2
4576 2
5170176 2
61849944 1
41744983532927892 1
2181781216873566 4
4015425947957242 4
422953527343750 3
922836992 2
225225 4
43296 2
84966 1
162162000 2
13299156150000 8
2925000 6
24813368551940969 2
238379778945 6
525836417120252550 16
1018737610226 3
24255044943584 1
13770 4
961885925 6
1070564843520 2
22505016 1
68445 4
23114855101754325 12
8852383811026523600000 18
1806165251392490625 7
84003150735 9
48503 1
118784 5
117799920 2
20062080 2
25875 3
6484858511005 6
3496 1
892559424159 10
10492762313505673728 3
1053154622365625000000000 2
19507660 4
253387244000 7
2461354361969360 7
573985911981573 3
481712000 2
1225900000 9
7383959352000 6
5818560 4
17161606252507466750 17
872307856 2
5449218750 4
69070848 2
121050450688 7
309760 4
6497855812515760000 8
148225 4
5767168 5
4994080000 3
10340156455200 10
32049561600 5
1215938504 5
1636838280000 9
1366016227371270512640 8
13532111656 10
3375358265213800448128 10
177625 4
189544 3
183521209 3
3739137870 1
7000 3
47809481280 5
539181535120763600 9
140593904409346605 10
3925648933712628973760 10
1731759723 9
2278818613209600 12
4200615 2
7715048179922504990261 8
2823735929623884 8
2284994100 2
621335 1
107640 2
3170761522315200 6
19188835614720 6
1610607768 5
22025946606720 10
32569344000 6
982540877824 4
79092 1
16652651912960000 16
7278899213649052 6
375303614187500 12
10320453 6
357352835 3
36250346902 1
370775536859 10
159452469 3
49411195794688000 8
28711774 5
17455231837134 1
18082587137186880 5
24 2
11699518125 10
9660879258624 8
114514742650 3
5584845952 9
7693390867162 1
20578324 1
7929856 1
8063328000 3
55101285666 7
2073994383087 5
87480 1
367730500 3
38428867465625 12
302189860 4
765164019785152 5
2215200 5
19337287059972 7
9049006449 7
2310974554680 10
123000 3
3135146868000000 3
19702586451287900160000 20
32453744566000 4
52488 3
425453084000 11
13720000 2
293627807489928600000 15
16775107131536 1
90154619815034880 17
532949037063796573 13
228197046009438 11
12260075355000 4
222481544 6
21547684315189518693273378 23
252831088125 3
5361427506741927192 16
4584507200 5
1144458822228418011037254796684000 26
82309630760067486204 16
3040505659406250 6
43883777038001472 6
2868489490286958255 18
656169361964338176 9
246079325 8
252624188970 10
3927942575778000 5
958365080500014 15
98306346816 7
3931602503875200 6
222538127248987875000 3
1176 2
285644485546875000 16
71269 3
3908828 4
3402 1
16888166245860277060 8
10787840 4
1648276 5
20625 3
53121600 6
456435 5
5235226432 1
32191152840 6
4754349184830668800 1
184944716850465 10
70347463200 4
11156640625 2
7092441 6
7105973944164921 1
173719850758740 13
213014608942734375 8
94288887 4
1215300832064 8
3584 3
2767152434200 12
252631301 1
50353766087625 11
1054277918720 1
128791166609952 13
111391388757 5
346758503 7
1139683299571089 2
536511341891078400 10
5104 2
33469237500 9
1614626816000 10
7635143778013323 15
1851110076614400 9
216002081539578125 12
2259913902400 3
4808432362500 7
4216520 5
11478544 6
78398562433047021 7
170 1
2809625 2
256907708663777410208750 13
55349108089361800560 8
798 2
69140403609 5
1891175 4
13794 4
2156288200000 5
3006720 4
1329070080 4
3794859525600 7
922259520000 2
1441670943611993985 13
1937976541344272 2
88842132635175257247 16
7449091944509160 3
2136772104768 2
2505023625 9
538416156564 4
240787 5
5315363347154846400 10
233811851329667072 11
4063901387 5
336 2
8918343 5
197056112359392 3
23578265700 5
12360522483 10
962666240 4
104837721779775 11
783907327903218750 2
423018945 6
28856297517971 13
28555445208832616448 10
3254416 6
28906250 6
17986 1
1339183449 2
7810 1
61477308675 4
142996593991680 5
78102144 4
143750000 3
44262269516712874536 15
13116135 5
2003326171875000 11
50337 3
5832730545152 6
132037796319 1
1735794775 6
483840 4
80325 2
319991472192 11
91973044909025280 2
1385024484694531557760 8
1818228092271 9
615684926776320 10
236779794121376 9
5620330333605888 13
44178400000 6
134573930137500 1
1720079479474210313697280 7
774143656245834945553072128 14
1086624 1
18309510023863240 6
48674635776 6
1379541796875 2
27704298434102784 11
130700694337500 5
6565500639754056 2
37241198280 10
54182549939814400 12
98049 5
13167267745170534167402272 5
64493 2
176538547461736250 7
3424760223257 1
5256345919631163462 1
36314685797540625 8
27868766040 10
9974684610258675371064 14
99544909995669376 2
269124495185 11
191792149838165895777000 3
129241943359375 6
61347 1
285668847728 3
64285 4
2935595325 8
172610536262150 1
1651640320 8
75077407899648 3
175 2
12312182850000 6
1496615231617499136 2
10313421387500 8
999999 5
1614029087670272 12
5501091641 1
504832 5
199017 2
241332 1
95715113169555 5
137175 2
1011258089943750 10
23100 2
749755656 2
9071332740075375 3
51913616040 4
626923943 3
354516750 5
2326611230367788891337174 3
4564096671652 7
215355348 5
1291542446416950 8
104270661194435934237491200 7
430447753632 5
11032908159000 13
26763691900 7
344828140800 8
25325816390464457010432861 11
197191336257703125 15
676945269 8
1142910 2
4074468055848960 12
16901620461 7
52371 1
22962240 2
42 2
412325243007202 6
136125 4
4921939298224 5
13451132373902755840 6
36864 3
1163549006604624974400000 10
50111072 1
1570828518780950000 9
949198722545377007872 6
226995792187500 13
42050 1
45664167696969670354687500 12
7580650500225117000 8
109682991 1
5901564825 5
1049637501204526080 1
32538785598720 8
3855908859656000 11
133066725 1
8275904 3
801030770086096 1
24784278750 9
12188372616 3
183057875 4
99821808928179 4
210445732000 1
656965450381 5
163856 4
30214512000 3
2600 2
1047308802176 6
4930625 2
28225312808 3
8099478035 9
48051686357640 12
416625462442 9
43344 3
9282325 3
8990451557072771794272 2
20569388888993301 11
137201931581 6
449981723520 7
4356125402112000 3
2743477142224896 2
373353397916731597316868 13
1421078400 3
3566068452345065496178118 9
73301809 6
20358048256 6
1091241845112276 11
376 1
17830126627495 2
57981026304 5
400874601343995 9
66382425917600000 7
204153600 1
96525 3
25919307112939520 13
3754125307585120 1
1445523686497440 1
2146905 1
7049 1
11558103 3
274433354 4
4233641503 2
8080151845515750 7
787726701 5
520960 4
80227840 3
132405350 8
6016 2
2901910004200066092750 14
349095 1
11919372680742946099200 12
1905398977992505023600 17
48807 3
5423 2
33244536901061478960 18
297230666312970 12
22729689064487464206336 22
100083884615 11
11868268375605278 9
3387604699044014336 15
276719472 7
39209462455159867371531974440640 1
69883506 7
5378439528 2
1530923746 7
665701636600 8
325632 1
1956396437618768990208 11
350625 3
65317927768000 10
66354414893055 5
6335954944 3
5548955706 2
854408621 8
137946591783 2
18427018050000 12
486400 5
474552 5
29514825 1
8758245657890386944 19
335012408707536217125 3
18144474820352615196 4
28308395168854438262625 20
1167615 4
1688112531 7
156240 5
11616 3
1213847279951328 7
279435533352042496 14
6875 2
887978 5
153921009640847670 10
420051704335928521884160 16
735862400000 10
552436296 5
28337588429514 4
1029066588160 12
214139200 4
8281 4
380348956 7
28905984 6
79572078080 6
3076187400 9
36260958179680 12
1295952 4
7236105350760 8
106578780 6
140570740515140750 17
1001429866621485 9
519878774961 8
2785280 6
309004396776 9
167834969702400 10
1150851 6
180874944000 6
79836786168220693696 15
58769395418993000 13
126763410375 8
82704435924500 12
10633958 1
12956881500 8
25921 2
4159375 1
215772591150 2
276122595189375 13
16038 4
63241479 4
449644084736 9
103119065280 5
3996641792 5
208665588327560000 16
30455194194856092505536 1
291840000 6
2120984041 4
748102953498048 9
1586850021412128 4
16867310240 8
16861859322880 12
7344935 4
8301568 3
1530664655167772235 3
4036191488558078927480216 11
199578897 3
2225637 3
20280 1
91584244600 8
2415340204875 9
77199619200 6
123269090625 4
2574990 5
302837129182853503634 10
20474462624 6
51050475 2
535022334 2
303297467134662 14
1076666092230514673664 13
563171216 8
91697914 5
1912500 1
624 1
3540160 2
62966257585 4
44746956800 9
58818981563334549036711 14
476024141736 1
2146472766756500 11
454545 4
3063283249363025920000 19
40228035 3
720 2
100284156 4
21595404304687500 14
57515360771419926648 8
4442382336000000 10
285310553125 6
4484669245056 5
21351320595 10
51146097920019432 6
5562740093840081856 17
2471419585 2
208219480 7
34376421854720 12
4167770460 8
78108061779 2
51200 2
24754653 2
184692123 3
75880614667437216 13
525844368069161652 8
184828 4
460574962650 8
7903799610980056642880 16
897028 6
8153317549 10
9400280860391564000 10
413200432389685248 17
238279736232457920 15
5882483250 2
7464000864404448 14
2576585241693027873 13
86030475372800000 6
3588981699462301296 16
44535556901699584 4
7265664 1
62684384 5
172995538804905281220 14
14078411961143607 11
510738473088 1
341357952 6
14529684480 1
633200860497986560 12
136904928065817093 12
1076171875 5
11501123046875 3
11734953356 9
1870420377600 11
4402643498578325 3
42981680500151976 1
90485069495468221440 13
14515875 2
206569872 4
3233500725 3
161398431845447872250 18
18438200 5
464652676 5
28474029402000 3
361748961017000169228 19
962231718071589 8
3044173408 8
96073990588800 14
1084752 3
360 2
223470252000 7
291479552 4
5339420 5
17223680 6
325243470750480 5
7942 3
19109020 1
24017156989056 2
26545967413 6
273861 3
17514113463 9
223323938095104 9
2204396808286464 3
203399781032448 14
110367100800 5
216513 2
7077888 3
11935108944000 9
8073 3
222737095999652643297 11
2133306005327 9
38935212030 2
25160625000 10
642243168 3
12259998300 8
3096 1
821340000 5
16676660000 1
90350357572629 10
1857341772 4
215353600 2
71920742400 6
144495 2
10352471997 9
665562000 3
257406639000 3
2997383 6
214326 2
1386 2
23444640 2
7121874375 2
46569 3
560138814 3
588890175 5
6235002880 2
197683250 2
33542701056 7
700230024548 3
184191702076962230000 16
327279205840125 6
11840000 4
21608 1
4750599509726224 14
1978416799744 10
341309696 3
373577731466309558272 2
89100 2
7910141037058 4
469700638664019582369 19
9338466307500 12
7200 2
15830479461335 8
32379855583896 11
504053292868125 7
4860 2
933750727767 4
5920 2
12281173030492041224640000 20
8816000000 10
157901400000 5
50134533474375 5
28125 3
487703125 3
5076136165 9
42855885927212521423 14
23089156475 6
20384 3
93420995382 7
1432598427750805863444 19
380 2
461152652625 10
1788074521742397 3
13006946304 7
8736 3
577403500000 2
5750841 1
24 2
673157611520 8
90112 5
952 3
325249900327296 1
2515779 2
6646394580869193486336 4
30115800 2
4122981 4
398401536 1
73187138105039200 9
11914284059368315625 12
186875 3
17342 2
46404410432 9
4454654645937600 4
2429997570000 8
1224000 3
4844597576 9
2519816985675 2
210759995326464 7
1066 1
36578304 7
12277345523864696906400 12
2415059712 1
10650541874915250 12
119493 4
24922962220045824 8
708672524000000 10
618620292576 8
25839362781429120 16
77984560530009 10
1571383125 6
66078179328 10
362205891621708885 3
3313719631872 10
969 3
107517953125 2
6322339419296875 5
1358292549339648 12
27771569280 7
101628088677120 10
3823592850 1
19940617117329938799 2
1637087845 7
9966159 7
475904 3
129520094 6
2861001 5
4785926513671875 14
285836987091470068800 10
624570777600 5
7024640 3
383109008438520 13
632727093044921875000 20
85978239281363 9
93798051571728 6
233415 2
3100894620696576 3
63713 4
12595810250788164 4
28263278736511 5
40960 1
122890625 1
459172600222896 13
619539781386240 6
111792080882125 13
55585263069336 10
22675190134464 2
862042369 5
23594536000 2
1929382781040 1
306845862301440 3
228196319 1
1920064804463344 6
3452911888 8
14296603815000000 7
2769154364906015625 5
24942448992 4
498736548 2
279727630962827124 16
117975 5
2961841470984825 11
1675308600 7
221049684009606375 7
316800 2
3287109375 8
5500257281474293944375 20
13760 2
55000 1
4189203726336 4
30647552227866589631616 21
97766133120000000 1
15718219776 5
1104 2
42332213 5
1166319 5
52183919844000 10
152905252500 4
1428792606082757012 16
25096717296 1
21459364148281563 16
129307218337 8
1672256163200 4
2990788320313800 6
18981540844982421875 5
145348259814063875948544 4
9683523 2
47519000000 5
34292973 3
33759288578785347421100145 5
5504 2
1351024203137024000 9
73957376 3
9909479275 4
23122520064 4
3546135654359375 10
125 2
605828995785291294198 18
46683 3
35682565375550385 5
7589875730730468750 8
22040486202253888512 17
34848 4
22866764171875 6
125264079 2
4741975 6
2690856578175065300 6
512386753125 1
53492947475 5
972635780951754141222 18
99940407840 7
838715214240 11
22286869955900 2
4715404610381362205 16
1546720758000 12
4650451128576 9
1334993 1
38838943 6
171121801620 11
239743482147776744900048 10
1755 1
359189600 8
9503463227664 4
117 2
147015000 4
1372423361203125 7
19063559613744 12
11621721092077824 8
2482359528 1
12250 2
6411670821875 4
97541844127200 9
84535517548416 12
45240 3
35729856 5
101166937191936 5
64897854208 4
168889146816 4
602984306821575135600 11
1130973722307 3
14634448991917054968224375 7
153803568672000 7
902084672 4
3430455942670848 14
100269282311 10
4061599002632650752 16
2827229184 4
245884990940160 8
22627584 1
122467831875 11
12187111568518656 13
1713402333737600 7
1115715625 3
2382723213 4
777600 5
54179826456010142263824 12
32499302400 1
3508696782708975 5
106301 1
78049256 4
48541218 2
21749218400 3
2283806332500000000 18
42864 2
17961280000 6
86582926631760 4
537392560411 8
763652096 6
142709 2
53482 2
3466650576412056 2
10371841818624 7
192893630185272055 6
4861701 5
331818474375 2
8558519243099961433298 7
5390957518128 3
46695978 3
7082426088350208 8
5806248388875000 10
192036096 7
1134479360 9
73775982637034496 6
684279252 3
150887 1
13224708 6
2918022723840 6
4396574 2
65824 2
1109997053790625 1
5051492915400715000 14
61988342802124032 5
48515518680000 12
298518750 3
7038959616 1
1759916893916534031250 7
32391163350 1
11318767535925325068656396484375 1
38737463738916712 15
20896667648000000 2
850380919 4
62208 4
109407677410814310 15
6009049485165104235 2
44274594704301 11
699804871920 6
3685981 6
2622994746064 11
4438275 5
38318000 4
21959719002011602812 10
1089 3
168896 2
73745 4
42311770560 10
288539387138063672559 2
11962890625 8
187073139477 6
89528 1
129472 1
2473634933634375 3
798015248437500 15
3636718750 8
104770946688000 13
1367803678227440454 3
1793638871640 2
7723962287781696 11
1244140625 4
342282150 5
21844343750000 13
25472148975 9
111784560826285431 4
31075 3
16541996810625 7
8729 3
25646275072 8
1596845396811500 15
6045 2
1782421875 7
8866 1
8510319406930713840 4
98691750515341305 5
1736 1
436914 5
46604718 5
47376 4
50914267833 7
286288067345775 6
986 3
106964 2
24587563 5
1906609966284800 14
4709600 1
9248 3
