1038956732516612466404162103782765904642298515083821019505801432406425600000000000
1065883 10
6400 3
121609125625 15
276512732833792 13
3696814932866848 17
42750399323229 24
74817850061378542014583687 11
4296439670898327106 35
81473501293256442891404083200 34
1150633939324108800000 38
31305588480 12
214817777218080 16
300666022048454098487558418432 30
16636221466563748498848000 28
63503565337800 3
8276233756179075399680 6
24043066040846524249015625 29
16793993216 7
1420214124875 22
140749450641757125 22
2786927260906651596558066432 17
2981826400 4
4814302857745304 12
13096979424017504153600000000 8
556684549845045409125 8
650791596579160064 29
302911738952823 23
9342186513 14
2199147593093068198047121408 40
8895233296692414000000 6
238073275 11
709407801344 2
127946153984 12
285844197224448 19
9561719321 2
50745923280 9
105575400000000 10
17459048690438401492845374981250 42
2112674770864553049 23
73530625 14
3082856011057152 22
3652264000 8
186391744098417 14
148719580625 11
6395052032 4
97322946046417 18
17620063933658760000 10
188156240 13
40881881088 18
3899456339968 19
14759718750000 16
25070377286459788285781275840 15
127733200000 3
860625 10
806908741213858531755507 26
58203418320000 8
86562121750 5
4620375 12
1095200 1
72332052521076000000 35
216127929094419433212 14
1142469687625 5
668584125 15
85881998467399680 26
11953349288605 18
539890244608 21
204800000000000 12
67832375 4
46888501110446205787500 13
47870662945000 20
782733628407808 19
2645567232 18
7073464160 3
515656670859 1
308161638400 10
20199636817920 16
330203750192816985210880 39
9863336373047169643125000 9
11688345600000 2
268549423569399245773500 39
6161100768207 10
9598372907112 21
4971633614491500000000000 17
431175678516921232125 16
1622968750 15
2156397775 9
5249597224894032064509504 28
4106112000000 9
28118264861225 18
1514132354117880 27
3036368492247323574549 25
2407509 7
2686504782628143400000 31
64403196681867360625 2
444 4
259906262332050000 4
116127730333719724032000 26
6885000000000 21
2523136 3
1321520561792402400 7
