266559958614567236462804876336229201505271774980857831781540195200799852499890516426572251136000000000
64875848321025 5
60858 1
5974227 10
19720854957461558027400 32
325583523523643 18
8788791924 6
45246279378372030 7
213249886758681300000000 3
2647923117222737808384 25
173103620096000000 23
164138914940000 7
26829348975 8
66548223 10
562436556 2
6252202088981069881 18
193528870993920000000 6
5733094594500 4
63078400000 1
93035145413 10
348005813295294 12
301329607 2
1827884418909914358 21
14109898063872000 15
176868 1
38363413 1
7050225728 14
375 1
28310490060928075 2
493000 4
4140 5
79768766 4
389631385 4
618391195 4
1767688103244195 19
1858751700 10
944559 9
7614542093600 4
249048964828125 20
76989600 3
7397125 1
201285583949466016 11
977436161032076470599 20
1415880084012467837841 22
24591596789760000000 22
855 2
588128112 1
143266051099902500000 5
2894400 2
6430446792 5
79795559676540092 9
78676871 11
779534280 10
916039124 11
788557 8
2507697314014464 20
9939375 7
164560789362573 19
27813410625 10
262128445660235 15
316572300000 5
38976 1
3960265015200000 20
43534938917052 2
9792 4
925155939829212 20
309652956 12
19650280 4
3643394917774775856 26
29971599360 15
77468737400320000 17
14318875421292250 19
82670082544107520 9
49152 3
6019475992037298126336 13
302327438064242716 10
3399288 3
31127397000 4
487819002944 4
11303105912489664 9
741 4
288 1
50625 1
196685774467072 7
1296191438998410240 8
224919552 12
27775467720 5
9768339257600 19
2668823894583 4
138418875 6
935221287825 15
64374345 10
21638844 11
100526192 3
26001 1
371471347022911616 23
13276991373426 18
18178115983621619608 15
353425315840 9
65637 3
108864 4
30618 6
1436898366 10
4352 1
503053740 4
14002065021 8
6255977 7
6130507353223566250 23
219420475762176 10
930063552 12
96322375224 1
4600 4
3246615183240 17
209240161130000 2
74155670634496 20
266635056 10
6815201162 6
94531250 4
195024995392500 20
78794603125 3
1193479862400000 18
155192424192 13
235815412268728320 12
1474469568 3
517500000 7
29155 2
82366972126866 5
2788887961093806 12
329687241022839168 8
54230748 10
23861659360 6
9917679064832 13
44670976000 6
17280 6
63509920000 1
88846875 5
1577440722825000 17
1175 4
10402920 7
91347793748904448 17
200076416896204800 11
566365263750 7
2720 1
274158530938076499 26
30799928875500000 21
158150539902447731223 17
659554661376 12
194711908557633075 14
127983240 12
9829384463961 2
5780070961875 10
1788410612663372636697330 19
215679024000 8
9619194722965835900000 9
33122727594191872 13
464236451550000 9
321209858 9
654590902612500 9
5696620489 8
181460555256600 21
5892020082 5
20412 2
21462284151 13
110432022624 3
372645 6
413632647291614400 13
1633555996509824100 9
558900 1
265837 1
2251310 4
2139 4
212248739131 16
321110944 11
2002853115 4
2390875300 9
52185567291000 12
16292834 2
1250 3
8851458 2
49184 3
2417356303964837312363 4
187676716141403022535911 12
175186678219000 9
11337548216011875 11
906670422 11
16165062812108700 20
70778125 10
16002118 6
23780945171352525312 3
3307369919400 2
389067697920 10
58997523148928 7
89093671875 5
16710568875 10
39209652732852 1
198386577 10
283024 5
96458161885747200000 16
580 2
23248316 1
912951 7
2048 2
291146565402000 19
20611750596683395968 9
127235608214 1
1517824 6
14336 6
2858820893256637888128 8
20236369926528 19
2276076814336 1
2351688414593179500 6
29915066 1
4829765518781775 23
4644300031250 13
20557809720 8
27191619 7
13997424640 6
23343658982661600 7
55374423 8
96799009109866305734250 31
40647147770754447242364 24
2203899190588321875 1
10880 5
3216 5
440640 3
246964836297256 1
10044670793157 2
381967983040000 13
2525492736 12
7011 3
27862711827456 1
75631500 1
11422962447984363054240 2
28 1
94059598248 11
23750084736 4
186200000 9
2242589690880 13
127716750 3
3265360 6
7202088432 8
71387568000000 3
574982779009973840800 4
3062500 2
2339415 1
7068293094400479064728 16
13941368524800 5
2133902313437734125 16
94154318028693 11
3229534880 2
9590625 6
19192914125 13
99754200000 15
868206100328125 4
54979988869982515625 26
3863250369 7
4670699008500 8
292976640000 2
59473522944 16
788263161504 17
1048055525 7
6489428216656 19
9541 3
36944325 8
846337653 13
115581739 2
489785191526400 21
325611532688571 18
872527975000 12
12867597242907688960 22
2504329984 8
136825642400000 20
1052275422848 18
1760000 8
324110647296 6
12688 3
79005375 11
163761 4
63427408000 8
1071 3
1140218906537984 4
116281 2
11907 2
524288 4
32300 3
15574038480 2
5628665133 14
345748788 3
2417104615 5
165 2
1417839696 8
27947363585427 1
33792 5
8634368 4
42083921334375 7
160721340894720 9
2945 1
88520350491397413244043 13
15631 3
56655872 5
27802419840 6
298926896 8
1810435992128507054080 8
2087687475626445 6
1776658484905172467200000 10
30784 4
2079 5
6585276654747648 20
45039554560 12
3327168 9
752289761299192704 19
6559573847214912615 27
728815281638400 11
245288360405032 19
3386493334080 1
74120068750 2
596160 7
56702139 5
34979430850 15
79023281636701861215625000 35
12689420000 3
1112701478040 11
11990889690 7
396252857 9
33408 5
4528725664320 18
6015093799 7
4043200 1
3675 4
363377040 8
818051248416321556560 10
7656 4
851461520 2
3679375 5
2947308771149600 21
119251171875 8
694531864018944 14
102165337325232 3
8681271 3
213214709434650 10
1628355264851034758828160 23
11374 4
152845056 10
492 1
830002211280 1
1994852969595 17
4747032675 9
3106215 4
1074519794880 17
2460992131 9
166650861977600 3
8732139520 2
5243392 10
43045747888 4
836043586640685315 13
16998401273804406720 26
1148378164877776896 7
15028502346000 8
4800928531257074608 7
5885217 7
84620200415625 15
96 3
4773355355776000 17
14635005082929 2
25137 2
502525011397500 18
1391273019288000 5
7873065081 5
6139206432 14
217687500000 5
54654474927 16
19136362509 3
625000 1
4041576 6
14150949120 5
8474510370488028622038675 31
11476181316908911680 4
597029400 8
5664400 9
4847886 7
544656239665132601344000 26
6557405673 3
18736269184512 7
4132514176 4
6353661600 14
2428618725 5
1721051944832 4
44058744 2
642649576965738496000 3
2310 5
611803312 3
261197247456 8
71045680160 13
138185380681959406291200 30
137058705 10
69214589004455749855 23
280903667014425 13
274084490652119801360765625 24
839520565792073984 8
231274964475 13
235601420787880 2
423 2
594046086690 1
4690504488825415312500 30
755750343568 16
2638826667262883097 22
13251256697700 2
362032 1
283859395520171520 15
168811112437887158085 29
118668762484789703472 16
1239093 7
13662728110080 11
137085669000 3
616439758 4
128479658094750 2
2328864263281314 18
126604720 1
1950780 4
93718053 6
824888610 7
159858977600 16
6693988 7
80937 6
2815946558950239 16
1867995883200 4
939176832 10
62300700000000 6
1665557386149888 2
17298937708159979520 19
338500607046784 15
3898439519802508800 22
22681028039028052328448 33
122796189945000 20
180500 1
725938893553 14
454308398375 5
242515 2
3574097368875000 19
667748046875 7
29779813053250 20
6139315711339068825000 7
14157 4
66 2
35875 4
5280415322 6
82701735480 11
1402273200 5
77684016 7
1356032123875788579 18
513294492159 1
173551950 7
2816296906304700 20
264627440 5
1094426881275 5
2055596400 3
653821875 1
23343552 2
23126678491700736 24
13039918982244 8
11144952000 15
686163385600000 10
14432298373393758 1
989719304 12
105223536 7
576 4
3899425376 2
4168695375 14
77578786931625 18
12315197440 1
16087140 1
226592638705664 17
2493355614424932140 6
180908 4
3675 1
104545234995932678916603078312 43
793016 8
56432650501656 7
1743794207222145267024 14
141696 1
26884 1
21151294840000 6
33195417 3
67631332554145076449071339 24
14336 5
55184439284 8
220046548290961260814 9
191664 4
12060319744 3
461265646527398125 19
2363147515673490 21
564098415970130461825433600 31
33320000 4
1727264813226911342496 1
510086668 1
95030509034967363000 5
7910245261380000 23
20102955600000 13
5372510 1
9227198464 6
1217565963136935720 13
